word
party
party
party
party
party
party
party
party
party
party
party
party
party
party
party
party
party
party
party
party
party
party
party
party
party
party
party
party
party
party
party
party
party
party
party
party
party
party
party
party
party
party
party
party
party
party
party
party
party
party
party
party
party
party
party
party
party
party
party
party
party
party
party
party
party
party
party
party
party
party
party
party
party
party
party
party
party
party
party
party
party
party
party
party
party
party
party
party
party
party
party
party
party
party
party
party
party
party
party
party
party
party
party
party
party
party
party
party
party
party
party
party
party
party
party
party
party
party
party
party
party
party
party
party
party
party
party
party
party
party
party
party
party
party
party
party
party
party
party
party
party
party
party
party
party
party
party
party
bakhap
bakhap
bakhap
bakhap
bakhap
bakhap
bakhap
bakhap
bakhap
bakhap
bakhap
bakhap
bakhap
bakhap
bakhap
bakhap
bakhap
bakhap
bakhap
bakhap
bakhap
bakhap
bakhap
bakhap
bakhap
bakhap
bakhap
bakhap
bakhap
bakhap
bakhap
bakhap
bakhap
bakhap
bakhap
bakhap
bakhap
bakhap
bakhap
bakhap
bakhap
bakhap
bakhap
bakhap
bakhap
bakhap
bakhap
bakhap
bakhap
bakhap
bakhap
bakhap
bakhap
bakhap
bakhap
bakhap
bakhap
bakhap
bakhap
bakhap
bakhap
bakhap
bakhap
bakhap
bakhap
bakhap
bakhap
bakhap
bakhap
bakhap
bakhap
bakhap
bakhap
bakhap
bakhap
bakhap
bakhap
bakhap
bakhap
bakhap
bakhap
bakhap
bakhap
bakhap
bakhap
bakhap
bakhap
bakhap
bakhap
bakhap
bakhap
bakhap
bakhap
bakhap
bakhap
bakhap
bakhap
bakhap
bakhap
bakhap
bakhap
bakhap
bakhap
bakhap
bakhap
bakhap
bakhap
bakhap
bakhap
bakhap
bakhap
bakhap
bakhap
bakhap
bakhap
bakhap
time
time
time
time
time
time
time
time
time
time
time
time
time
time
time
time
time
time
time
time
time
time
time
time
time
time
time
time
time
time
time
time
time
time
time
time
time
time
time
time
time
time
time
time
time
time
time
time
time
time
time
time
time
time
time
time
time
time
time
time
time
time
time
time
time
time
time
time
time
time
time
time
time
time
time
time
time
time
time
time
time
time
time
time
time
time
time
time
time
time
time
time
time
time
time
time
time
time
time
time
time
time
time
time
time
time
time
time
time
time
newland
newland
newland
newland
newland
newland
newland
newland
newland
newland
newland
newland
newland
newland
newland
newland
newland
newland
newland
newland
newland
newland
newland
newland
newland
newland
newland
newland
newland
newland
newland
newland
newland
newland
newland
newland
newland
newland
newland
newland
newland
newland
newland
newland
newland
newland
newland
newland
newland
newland
newland
newland
newland
newland
newland
newland
newland
newland
newland
newland
newland
newland
newland
newland
newland
newland
newland
newland
newland
newland
newland
newland
newland
newland
newland
newland
newland
newland
newland
newland
newland
newland
newland
newland
newland
newland
newland
newland
newland
newland
newland
newland
newland
newland
newland
newland
newland
parliament
parliament
parliament
parliament
parliament
parliament
parliament
parliament
parliament
parliament
parliament
parliament
parliament
parliament
parliament
parliament
parliament
parliament
parliament
parliament
parliament
parliament
parliament
parliament
parliament
parliament
parliament
parliament
parliament
parliament
parliament
parliament
parliament
parliament
parliament
parliament
parliament
parliament
parliament
parliament
parliament
parliament
parliament
parliament
parliament
parliament
parliament
parliament
parliament
parliament
parliament
parliament
parliament
parliament
parliament
parliament
parliament
parliament
parliament
parliament
parliament
parliament
parliament
parliament
parliament
parliament
parliament
parliament
parliament
parliament
parliament
parliament
parliament
parliament
parliament
parliament
parliament
parliament
parliament
parliament
parliament
parliament
parliament
parliament
parliament
parliament
parliament
parliament
constitution
constitution
constitution
constitution
constitution
constitution
constitution
constitution
constitution
constitution
constitution
constitution
constitution
constitution
constitution
constitution
constitution
constitution
constitution
constitution
constitution
constitution
constitution
constitution
constitution
constitution
constitution
constitution
constitution
constitution
constitution
constitution
constitution
constitution
constitution
constitution
constitution
constitution
constitution
constitution
constitution
constitution
constitution
constitution
constitution
constitution
constitution
constitution
constitution
constitution
constitution
constitution
constitution
constitution
constitution
constitution
constitution
constitution
constitution
constitution
constitution
constitution
constitution
constitution
constitution
constitution
constitution
constitution
constitution
constitution
constitution
constitution
constitution
constitution
constitution
constitution
constitution
constitution
constitution
business
business
business
business
business
business
business
business
business
business
business
business
business
business
business
business
business
business
business
business
business
business
business
business
business
business
business
business
business
business
business
business
business
business
business
business
business
business
business
business
business
business
business
business
business
business
business
business
business
business
business
business
business
business
business
business
business
business
business
business
business
business
business
business
business
business
business
business
business
business
business
business
business
business
business
business
business
business
ready
ready
ready
ready
ready
ready
ready
ready
ready
ready
ready
ready
ready
ready
ready
ready
ready
ready
ready
ready
ready
ready
ready
ready
ready
ready
ready
ready
ready
ready
ready
ready
ready
ready
ready
ready
ready
ready
ready
ready
ready
ready
ready
ready
ready
ready
ready
ready
ready
ready
ready
ready
ready
ready
ready
ready
ready
ready
ready
ready
ready
ready
ready
ready
ready
ready
ready
ready
ready
ready
ready
ready
ready
ready
power
power
power
power
power
power
power
power
power
power
power
power
power
power
power
power
power
power
power
power
power
power
power
power
power
power
power
power
power
power
power
power
power
power
power
power
power
power
power
power
power
power
power
power
power
power
power
power
power
power
power
power
power
power
power
power
power
power
power
power
power
power
power
power
power
power
power
power
power
power
power
power
proposals
proposals
proposals
proposals
proposals
proposals
proposals
proposals
proposals
proposals
proposals
proposals
proposals
proposals
proposals
proposals
proposals
proposals
proposals
proposals
proposals
proposals
proposals
proposals
proposals
proposals
proposals
proposals
proposals
proposals
proposals
proposals
proposals
proposals
proposals
proposals
proposals
proposals
proposals
proposals
proposals
proposals
proposals
proposals
proposals
proposals
proposals
proposals
proposals
proposals
proposals
proposals
proposals
proposals
proposals
proposals
proposals
proposals
proposals
proposals
proposals
proposals
proposals
proposals
proposals
proposals
proposals
proposals
proposals
proposals
proposals
matter
matter
matter
matter
matter
matter
matter
matter
matter
matter
matter
matter
matter
matter
matter
matter
matter
matter
matter
matter
matter
matter
matter
matter
matter
matter
matter
matter
matter
matter
matter
matter
matter
matter
matter
matter
matter
matter
matter
matter
matter
matter
matter
matter
matter
matter
matter
matter
matter
matter
matter
matter
matter
matter
matter
matter
matter
matter
matter
matter
matter
matter
matter
matter
matter
matter
millen
millen
millen
millen
millen
millen
millen
millen
millen
millen
millen
millen
millen
millen
millen
millen
millen
millen
millen
millen
millen
millen
millen
millen
millen
millen
millen
millen
millen
millen
millen
millen
millen
millen
millen
millen
millen
millen
millen
millen
millen
millen
millen
millen
millen
millen
millen
millen
millen
millen
millen
millen
millen
millen
millen
millen
millen
millen
millen
millen
millen
millen
millen
millen
millen
trade
trade
trade
trade
trade
trade
trade
trade
trade
trade
trade
trade
trade
trade
trade
trade
trade
trade
trade
trade
trade
trade
trade
trade
trade
trade
trade
trade
trade
trade
trade
trade
trade
trade
trade
trade
trade
trade
trade
trade
trade
trade
trade
trade
trade
trade
trade
trade
trade
trade
trade
trade
trade
trade
trade
trade
federal
federal
federal
federal
federal
federal
federal
federal
federal
federal
federal
federal
federal
federal
federal
federal
federal
federal
federal
federal
federal
federal
federal
federal
federal
federal
federal
federal
federal
federal
federal
federal
federal
federal
federal
federal
federal
federal
federal
federal
federal
federal
federal
federal
federal
federal
federal
federal
federal
federal
powers
powers
powers
powers
powers
powers
powers
powers
powers
powers
powers
powers
powers
powers
powers
powers
powers
powers
powers
powers
powers
powers
powers
powers
powers
powers
powers
powers
powers
powers
powers
powers
powers
powers
powers
powers
powers
powers
powers
powers
powers
powers
powers
powers
powers
powers
powers
powers
war
war
war
war
war
war
war
war
war
war
war
war
war
war
war
war
war
war
war
war
war
war
war
war
war
war
war
war
war
war
war
war
war
war
war
war
war
war
war
war
war
war
war
war
war
war
war
senators
senators
senators
senators
senators
senators
senators
senators
senators
senators
senators
senators
senators
senators
senators
senators
senators
senators
senators
senators
senators
senators
senators
senators
senators
senators
senators
senators
senators
senators
senators
senators
senators
senators
senators
senators
senators
senators
senators
senators
senators
senators
senators
senators
senators
senators
referenda
referenda
referenda
referenda
referenda
referenda
referenda
referenda
referenda
referenda
referenda
referenda
referenda
referenda
referenda
referenda
referenda
referenda
referenda
referenda
referenda
referenda
referenda
referenda
referenda
referenda
referenda
referenda
referenda
referenda
referenda
referenda
referenda
referenda
referenda
referenda
referenda
referenda
referenda
referenda
referenda
referenda
referenda
referenda
usual
usual
usual
usual
usual
usual
usual
usual
usual
usual
usual
usual
usual
usual
usual
usual
usual
usual
usual
usual
usual
usual
usual
usual
usual
usual
usual
usual
usual
usual
usual
usual
usual
usual
usual
usual
usual
usual
usual
usual
usual
usual
usual
usual
regard
regard
regard
regard
regard
regard
regard
regard
regard
regard
regard
regard
regard
regard
regard
regard
regard
regard
regard
regard
regard
regard
regard
regard
regard
regard
regard
regard
regard
regard
regard
regard
regard
regard
regard
regard
regard
regard
regard
regard
regard
regard
company
company
company
company
company
company
company
company
company
company
company
company
company
company
company
company
company
company
company
company
company
company
company
company
company
company
company
company
company
company
company
company
company
company
company
company
company
company
company
new_south_wales
new_south_wales
new_south_wales
new_south_wales
new_south_wales
new_south_wales
new_south_wales
new_south_wales
new_south_wales
new_south_wales
new_south_wales
new_south_wales
new_south_wales
new_south_wales
new_south_wales
new_south_wales
new_south_wales
new_south_wales
new_south_wales
new_south_wales
new_south_wales
new_south_wales
new_south_wales
new_south_wales
new_south_wales
new_south_wales
new_south_wales
new_south_wales
new_south_wales
new_south_wales
new_south_wales
new_south_wales
new_south_wales
new_south_wales
new_south_wales
new_south_wales
new_south_wales
new_south_wales
new_south_wales
lt
lt
lt
lt
lt
lt
lt
lt
lt
lt
lt
lt
lt
lt
lt
lt
lt
lt
lt
lt
lt
lt
lt
lt
lt
lt
lt
lt
lt
lt
lt
lt
lt
lt
lt
lt
lt
farmers
farmers
farmers
farmers
farmers
farmers
farmers
farmers
farmers
farmers
farmers
farmers
farmers
farmers
farmers
farmers
farmers
farmers
farmers
farmers
farmers
farmers
farmers
farmers
farmers
farmers
farmers
farmers
farmers
farmers
farmers
farmers
farmers
farmers
farmers
farmers
bills
bills
bills
bills
bills
bills
bills
bills
bills
bills
bills
bills
bills
bills
bills
bills
bills
bills
bills
bills
bills
bills
bills
bills
bills
bills
bills
bills
bills
bills
bills
bills
bills
bills
bills
colonel
colonel
colonel
colonel
colonel
colonel
colonel
colonel
colonel
colonel
colonel
colonel
colonel
colonel
colonel
colonel
colonel
colonel
colonel
colonel
colonel
colonel
colonel
colonel
colonel
colonel
colonel
colonel
colonel
colonel
colonel
colonel
colonel
colonel
colonel
deal
deal
deal
deal
deal
deal
deal
deal
deal
deal
deal
deal
deal
deal
deal
deal
deal
deal
deal
deal
deal
deal
deal
deal
deal
deal
deal
deal
deal
deal
deal
deal
deal
deal
deal
country
country
country
country
country
country
country
country
country
country
country
country
country
country
country
country
country
country
country
country
country
country
country
country
country
country
country
country
country
country
country
country
country
country
position
position
position
position
position
position
position
position
position
position
position
position
position
position
position
position
position
position
position
position
position
position
position
position
position
position
position
position
position
position
position
position
position
position
matters
matters
matters
matters
matters
matters
matters
matters
matters
matters
matters
matters
matters
matters
matters
matters
matters
matters
matters
matters
matters
matters
matters
matters
matters
matters
matters
matters
matters
matters
matters
matters
matters
national
national
national
national
national
national
national
national
national
national
national
national
national
national
national
national
national
national
national
national
national
national
national
national
national
national
national
national
national
national
national
national
national
prices
prices
prices
prices
prices
prices
prices
prices
prices
prices
prices
prices
prices
prices
prices
prices
prices
prices
prices
prices
prices
prices
prices
prices
prices
prices
prices
prices
prices
prices
prices
prices
tasmania
tasmania
tasmania
tasmania
tasmania
tasmania
tasmania
tasmania
tasmania
tasmania
tasmania
tasmania
tasmania
tasmania
tasmania
tasmania
tasmania
tasmania
tasmania
tasmania
tasmania
tasmania
tasmania
tasmania
tasmania
tasmania
tasmania
tasmania
tasmania
tasmania
tasmania
tasmania
commerce
commerce
commerce
commerce
commerce
commerce
commerce
commerce
commerce
commerce
commerce
commerce
commerce
commerce
commerce
commerce
commerce
commerce
commerce
commerce
commerce
commerce
commerce
commerce
commerce
commerce
commerce
commerce
commerce
commerce
commerce
public
public
public
public
public
public
public
public
public
public
public
public
public
public
public
public
public
public
public
public
public
public
public
public
public
public
public
public
public
public
public
gould
gould
gould
gould
gould
gould
gould
gould
gould
gould
gould
gould
gould
gould
gould
gould
gould
gould
gould
gould
gould
gould
gould
gould
gould
gould
gould
gould
gould
gould
law
law
law
law
law
law
law
law
law
law
law
law
law
law
law
law
law
law
law
law
law
law
law
law
law
law
law
law
law
law
senate
senate
senate
senate
senate
senate
senate
senate
senate
senate
senate
senate
senate
senate
senate
senate
senate
senate
senate
senate
senate
senate
senate
senate
senate
senate
senate
senate
senate
senate
question
question
question
question
question
question
question
question
question
question
question
question
question
question
question
question
question
question
question
question
question
question
question
question
question
question
question
question
question
tobacco
tobacco
tobacco
tobacco
tobacco
tobacco
tobacco
tobacco
tobacco
tobacco
tobacco
tobacco
tobacco
tobacco
tobacco
tobacco
tobacco
tobacco
tobacco
tobacco
tobacco
tobacco
tobacco
tobacco
tobacco
tobacco
tobacco
tobacco
tobacco
findley
findley
findley
findley
findley
findley
findley
findley
findley
findley
findley
findley
findley
findley
findley
findley
findley
findley
findley
findley
findley
findley
findley
findley
findley
findley
findley
findley
industry
industry
industry
industry
industry
industry
industry
industry
industry
industry
industry
industry
industry
industry
industry
industry
industry
industry
industry
industry
industry
industry
industry
industry
industry
industry
industry
industry
ill
ill
ill
ill
ill
ill
ill
ill
ill
ill
ill
ill
ill
ill
ill
ill
ill
ill
ill
ill
ill
ill
ill
ill
ill
ill
ill
political
political
political
political
political
political
political
political
political
political
political
political
political
political
political
political
political
political
political
political
political
political
political
political
political
political
political
conference
conference
conference
conference
conference
conference
conference
conference
conference
conference
conference
conference
conference
conference
conference
conference
conference
conference
conference
conference
conference
conference
conference
conference
conference
conference
trust
trust
trust
trust
trust
trust
trust
trust
trust
trust
trust
trust
trust
trust
trust
trust
trust
trust
trust
trust
trust
trust
trust
trust
trust
trust
carried
carried
carried
carried
carried
carried
carried
carried
carried
carried
carried
carried
carried
carried
carried
carried
carried
carried
carried
carried
carried
carried
carried
carried
carried
electors
electors
electors
electors
electors
electors
electors
electors
electors
electors
electors
electors
electors
electors
electors
electors
electors
electors
electors
electors
electors
electors
electors
electors
fix
fix
fix
fix
fix
fix
fix
fix
fix
fix
fix
fix
fix
fix
fix
fix
fix
fix
fix
fix
fix
fix
fix
fix
section
section
section
section
section
section
section
section
section
section
section
section
section
section
section
section
section
section
section
section
section
section
section
section
victoria
victoria
victoria
victoria
victoria
victoria
victoria
victoria
victoria
victoria
victoria
victoria
victoria
victoria
victoria
victoria
victoria
victoria
victoria
victoria
victoria
victoria
victoria
victoria
wheat
wheat
wheat
wheat
wheat
wheat
wheat
wheat
wheat
wheat
wheat
wheat
wheat
wheat
wheat
wheat
wheat
wheat
wheat
wheat
wheat
wheat
wheat
wheat
amendments
amendments
amendments
amendments
amendments
amendments
amendments
amendments
amendments
amendments
amendments
amendments
amendments
amendments
amendments
amendments
amendments
amendments
amendments
amendments
amendments
amendments
amendments
butter
butter
butter
butter
butter
butter
butter
butter
butter
butter
butter
butter
butter
butter
butter
butter
butter
butter
butter
butter
butter
butter
butter
department
department
department
department
department
department
department
department
department
department
department
department
department
department
department
department
department
department
department
department
department
department
department
opposite
opposite
opposite
opposite
opposite
opposite
opposite
opposite
opposite
opposite
opposite
opposite
opposite
opposite
opposite
opposite
opposite
opposite
opposite
opposite
opposite
opposite
opposite
profits
profits
profits
profits
profits
profits
profits
profits
profits
profits
profits
profits
profits
profits
profits
profits
profits
profits
profits
profits
profits
profits
profits
statement
statement
statement
statement
statement
statement
statement
statement
statement
statement
statement
statement
statement
statement
statement
statement
statement
statement
statement
statement
statement
statement
statement
words
words
words
words
words
words
words
words
words
words
words
words
words
words
words
words
words
words
words
words
words
words
words
enterprise
enterprise
enterprise
enterprise
enterprise
enterprise
enterprise
enterprise
enterprise
enterprise
enterprise
enterprise
enterprise
enterprise
enterprise
enterprise
enterprise
enterprise
enterprise
enterprise
enterprise
enterprise
friends
friends
friends
friends
friends
friends
friends
friends
friends
friends
friends
friends
friends
friends
friends
friends
friends
friends
friends
friends
friends
friends
per_cent
per_cent
per_cent
per_cent
per_cent
per_cent
per_cent
per_cent
per_cent
per_cent
per_cent
per_cent
per_cent
per_cent
per_cent
per_cent
per_cent
per_cent
per_cent
per_cent
per_cent
per_cent
combine
combine
combine
combine
combine
combine
combine
combine
combine
combine
combine
combine
combine
combine
combine
combine
combine
combine
combine
combine
combine
concerned
concerned
concerned
concerned
concerned
concerned
concerned
concerned
concerned
concerned
concerned
concerned
concerned
concerned
concerned
concerned
concerned
concerned
concerned
concerned
concerned
decision
decision
decision
decision
decision
decision
decision
decision
decision
decision
decision
decision
decision
decision
decision
decision
decision
decision
decision
decision
decision
declared
declared
declared
declared
declared
declared
declared
declared
declared
declared
declared
declared
declared
declared
declared
declared
declared
declared
declared
declared
declared
effect
effect
effect
effect
effect
effect
effect
effect
effect
effect
effect
effect
effect
effect
effect
effect
effect
effect
effect
effect
effect
high_court
high_court
high_court
high_court
high_court
high_court
high_court
high_court
high_court
high_court
high_court
high_court
high_court
high_court
high_court
high_court
high_court
high_court
high_court
high_court
high_court
pay
pay
pay
pay
pay
pay
pay
pay
pay
pay
pay
pay
pay
pay
pay
pay
pay
pay
pay
pay
pay
private
private
private
private
private
private
private
private
private
private
private
private
private
private
private
private
private
private
private
private
private
questions
questions
questions
questions
questions
questions
questions
questions
questions
questions
questions
questions
questions
questions
questions
questions
questions
questions
questions
questions
questions
passed
passed
passed
passed
passed
passed
passed
passed
passed
passed
passed
passed
passed
passed
passed
passed
passed
passed
passed
passed
south_australia
south_australia
south_australia
south_australia
south_australia
south_australia
south_australia
south_australia
south_australia
south_australia
south_australia
south_australia
south_australia
south_australia
south_australia
south_australia
south_australia
south_australia
south_australia
south_australia
sugar
sugar
sugar
sugar
sugar
sugar
sugar
sugar
sugar
sugar
sugar
sugar
sugar
sugar
sugar
sugar
sugar
sugar
sugar
sugar
control
control
control
control
control
control
control
control
control
control
control
control
control
control
control
control
control
control
control
submitted
submitted
submitted
submitted
submitted
submitted
submitted
submitted
submitted
submitted
submitted
submitted
submitted
submitted
submitted
submitted
submitted
submitted
submitted
union
union
union
union
union
union
union
union
union
union
union
union
union
union
union
union
union
union
union
de
de
de
de
de
de
de
de
de
de
de
de
de
de
de
de
de
de
invalid
invalid
invalid
invalid
invalid
invalid
invalid
invalid
invalid
invalid
invalid
invalid
invalid
invalid
invalid
invalid
invalid
invalid
measures
measures
measures
measures
measures
measures
measures
measures
measures
measures
measures
measures
measures
measures
measures
measures
measures
measures
representatives
representatives
representatives
representatives
representatives
representatives
representatives
representatives
representatives
representatives
representatives
representatives
representatives
representatives
representatives
representatives
representatives
representatives
robbery
robbery
robbery
robbery
robbery
robbery
robbery
robbery
robbery
robbery
robbery
robbery
robbery
robbery
robbery
robbery
robbery
robbery
action
action
action
action
action
action
action
action
action
action
action
action
action
action
action
action
action
ago
ago
ago
ago
ago
ago
ago
ago
ago
ago
ago
ago
ago
ago
ago
ago
ago
companies
companies
companies
companies
companies
companies
companies
companies
companies
companies
companies
companies
companies
companies
companies
companies
companies
election
election
election
election
election
election
election
election
election
election
election
election
election
election
election
election
election
evidence
evidence
evidence
evidence
evidence
evidence
evidence
evidence
evidence
evidence
evidence
evidence
evidence
evidence
evidence
evidence
evidence
jam
jam
jam
jam
jam
jam
jam
jam
jam
jam
jam
jam
jam
jam
jam
jam
jam
occasion
occasion
occasion
occasion
occasion
occasion
occasion
occasion
occasion
occasion
occasion
occasion
occasion
occasion
occasion
occasion
occasion
purposes
purposes
purposes
purposes
purposes
purposes
purposes
purposes
purposes
purposes
purposes
purposes
purposes
purposes
purposes
purposes
purposes
told
told
told
told
told
told
told
told
told
told
told
told
told
told
told
told
told
empire
empire
empire
empire
empire
empire
empire
empire
empire
empire
empire
empire
empire
empire
empire
empire
factory
factory
factory
factory
factory
factory
factory
factory
factory
factory
factory
factory
factory
factory
factory
factory
leader
leader
leader
leader
leader
leader
leader
leader
leader
leader
leader
leader
leader
leader
leader
leader
manufacturers
manufacturers
manufacturers
manufacturers
manufacturers
manufacturers
manufacturers
manufacturers
manufacturers
manufacturers
manufacturers
manufacturers
manufacturers
manufacturers
manufacturers
manufacturers
opinion
opinion
opinion
opinion
opinion
opinion
opinion
opinion
opinion
opinion
opinion
opinion
opinion
opinion
opinion
opinion
ozs
ozs
ozs
ozs
ozs
ozs
ozs
ozs
ozs
ozs
ozs
ozs
ozs
ozs
ozs
ozs
read
read
read
read
read
read
read
read
read
read
read
read
read
read
read
read
sold
sold
sold
sold
sold
sold
sold
sold
sold
sold
sold
sold
sold
sold
sold
sold
called
called
called
called
called
called
called
called
called
called
called
called
called
called
called
capital
capital
capital
capital
capital
capital
capital
capital
capital
capital
capital
capital
capital
capital
capital
court
court
court
court
court
court
court
court
court
court
court
court
court
court
court
day
day
day
day
day
day
day
day
day
day
day
day
day
day
day
defence
defence
defence
defence
defence
defence
defence
defence
defence
defence
defence
defence
defence
defence
defence
duty
duty
duty
duty
duty
duty
duty
duty
duty
duty
duty
duty
duty
duty
duty
exclusive
exclusive
exclusive
exclusive
exclusive
exclusive
exclusive
exclusive
exclusive
exclusive
exclusive
exclusive
exclusive
exclusive
exclusive
hear
hear
hear
hear
hear
hear
hear
hear
hear
hear
hear
hear
hear
hear
hear
legislative
legislative
legislative
legislative
legislative
legislative
legislative
legislative
legislative
legislative
legislative
legislative
legislative
legislative
legislative
melbourne
melbourne
melbourne
melbourne
melbourne
melbourne
melbourne
melbourne
melbourne
melbourne
melbourne
melbourne
melbourne
melbourne
melbourne
office
office
office
office
office
office
office
office
office
office
office
office
office
office
office
reason
reason
reason
reason
reason
reason
reason
reason
reason
reason
reason
reason
reason
reason
reason
speech
speech
speech
speech
speech
speech
speech
speech
speech
speech
speech
speech
speech
speech
speech
tins
tins
tins
tins
tins
tins
tins
tins
tins
tins
tins
tins
tins
tins
tins
trading
trading
trading
trading
trading
trading
trading
trading
trading
trading
trading
trading
trading
trading
trading
carry
carry
carry
carry
carry
carry
carry
carry
carry
carry
carry
carry
carry
carry
conditions
conditions
conditions
conditions
conditions
conditions
conditions
conditions
conditions
conditions
conditions
conditions
conditions
conditions
conflict
conflict
conflict
conflict
conflict
conflict
conflict
conflict
conflict
conflict
conflict
conflict
conflict
conflict
difference
difference
difference
difference
difference
difference
difference
difference
difference
difference
difference
difference
difference
difference
doubt
doubt
doubt
doubt
doubt
doubt
doubt
doubt
doubt
doubt
doubt
doubt
doubt
doubt
friend
friend
friend
friend
friend
friend
friend
friend
friend
friend
friend
friend
friend
friend
giving
giving
giving
giving
giving
giving
giving
giving
giving
giving
giving
giving
giving
giving
interfere
interfere
interfere
interfere
interfere
interfere
interfere
interfere
interfere
interfere
interfere
interfere
interfere
interfere
introduced
introduced
introduced
introduced
introduced
introduced
introduced
introduced
introduced
introduced
introduced
introduced
introduced
introduced
laws
laws
laws
laws
laws
laws
laws
laws
laws
laws
laws
laws
laws
laws
majority
majority
majority
majority
majority
majority
majority
majority
majority
majority
majority
majority
majority
majority
monopoly
monopoly
monopoly
monopoly
monopoly
monopoly
monopoly
monopoly
monopoly
monopoly
monopoly
monopoly
monopoly
monopoly
partnership
partnership
partnership
partnership
partnership
partnership
partnership
partnership
partnership
partnership
partnership
partnership
partnership
partnership
platform
platform
platform
platform
platform
platform
platform
platform
platform
platform
platform
platform
platform
platform
profit
profit
profit
profit
profit
profit
profit
profit
profit
profit
profit
profit
profit
profit
queensland
queensland
queensland
queensland
queensland
queensland
queensland
queensland
queensland
queensland
queensland
queensland
queensland
queensland
respect
respect
respect
respect
respect
respect
respect
respect
respect
respect
respect
respect
respect
respect
result
result
result
result
result
result
result
result
result
result
result
result
result
result
sell
sell
sell
sell
sell
sell
sell
sell
sell
sell
sell
sell
sell
sell
service
service
service
service
service
service
service
service
service
service
service
service
service
service
absolutely
absolutely
absolutely
absolutely
absolutely
absolutely
absolutely
absolutely
absolutely
absolutely
absolutely
absolutely
absolutely
affairs
affairs
affairs
affairs
affairs
affairs
affairs
affairs
affairs
affairs
affairs
affairs
affairs
chamber
chamber
chamber
chamber
chamber
chamber
chamber
chamber
chamber
chamber
chamber
chamber
chamber
council
council
council
council
council
council
council
council
council
council
council
council
council
dealing
dealing
dealing
dealing
dealing
dealing
dealing
dealing
dealing
dealing
dealing
dealing
dealing
decided
decided
decided
decided
decided
decided
decided
decided
decided
decided
decided
decided
decided
executive
executive
executive
executive
executive
executive
executive
executive
executive
executive
executive
executive
executive
found
found
found
found
found
found
found
found
found
found
found
found
found
held
held
held
held
held
held
held
held
held
held
held
held
held
interstate
interstate
interstate
interstate
interstate
interstate
interstate
interstate
interstate
interstate
interstate
interstate
interstate
months
months
months
months
months
months
months
months
months
months
months
months
months
notice
notice
notice
notice
notice
notice
notice
notice
notice
notice
notice
notice
notice
opponents
opponents
opponents
opponents
opponents
opponents
opponents
opponents
opponents
opponents
opponents
opponents
opponents
prepared
prepared
prepared
prepared
prepared
prepared
prepared
prepared
prepared
prepared
prepared
prepared
prepared
railway
railway
railway
railway
railway
railway
railway
railway
railway
railway
railway
railway
railway
steel
steel
steel
steel
steel
steel
steel
steel
steel
steel
steel
steel
steel
strike
strike
strike
strike
strike
strike
strike
strike
strike
strike
strike
strike
strike
supply
supply
supply
supply
supply
supply
supply
supply
supply
supply
supply
supply
supply
times
times
times
times
times
times
times
times
times
times
times
times
times
tin
tin
tin
tin
tin
tin
tin
tin
tin
tin
tin
tin
tin
wealth
wealth
wealth
wealth
wealth
wealth
wealth
wealth
wealth
wealth
wealth
wealth
wealth
anxious
anxious
anxious
anxious
anxious
anxious
anxious
anxious
anxious
anxious
anxious
anxious
argument
argument
argument
argument
argument
argument
argument
argument
argument
argument
argument
argument
attempt
attempt
attempt
attempt
attempt
attempt
attempt
attempt
attempt
attempt
attempt
attempt
authority
authority
authority
authority
authority
authority
authority
authority
authority
authority
authority
authority
call
call
call
call
call
call
call
call
call
call
call
call
concurrent
concurrent
concurrent
concurrent
concurrent
concurrent
concurrent
concurrent
concurrent
concurrent
concurrent
concurrent
connection
connection
connection
connection
connection
connection
connection
connection
connection
connection
connection
connection
cost
cost
cost
cost
cost
cost
cost
cost
cost
cost
cost
cost
extent
extent
extent
extent
extent
extent
extent
extent
extent
extent
extent
extent
french
french
french
french
french
french
french
french
french
french
french
french
largie
largie
largie
largie
largie
largie
largie
largie
largie
largie
largie
largie
nation
nation
nation
nation
nation
nation
nation
nation
nation
nation
nation
nation
opportunity
opportunity
opportunity
opportunity
opportunity
opportunity
opportunity
opportunity
opportunity
opportunity
opportunity
opportunity
opposed
opposed
opposed
opposed
opposed
opposed
opposed
opposed
opposed
opposed
opposed
opposed
quote
quote
quote
quote
quote
quote
quote
quote
quote
quote
quote
quote
rate
rate
rate
rate
rate
rate
rate
rate
rate
rate
rate
rate
statements
statements
statements
statements
statements
statements
statements
statements
statements
statements
statements
statements
support
support
support
support
support
support
support
support
support
support
support
support
trusts
trusts
trusts
trusts
trusts
trusts
trusts
trusts
trusts
trusts
trusts
trusts
view
view
view
view
view
view
view
view
view
view
view
view
vote
vote
vote
vote
vote
vote
vote
vote
vote
vote
vote
vote
worse
worse
worse
worse
worse
worse
worse
worse
worse
worse
worse
worse
alteration
alteration
alteration
alteration
alteration
alteration
alteration
alteration
alteration
alteration
alteration
arbitration
arbitration
arbitration
arbitration
arbitration
arbitration
arbitration
arbitration
arbitration
arbitration
arbitration
circumstances
circumstances
circumstances
circumstances
circumstances
circumstances
circumstances
circumstances
circumstances
circumstances
circumstances
class
class
class
class
class
class
class
class
class
class
class
desire
desire
desire
desire
desire
desire
desire
desire
desire
desire
desire
equality
equality
equality
equality
equality
equality
equality
equality
equality
equality
equality
export
export
export
export
export
export
export
export
export
export
export
fixed
fixed
fixed
fixed
fixed
fixed
fixed
fixed
fixed
fixed
fixed
form
form
form
form
form
form
form
form
form
form
form
heard
heard
heard
heard
heard
heard
heard
heard
heard
heard
heard
hope
hope
hope
hope
hope
hope
hope
hope
hope
hope
hope
lb
lb
lb
lb
lb
lb
lb
lb
lb
lb
lb
liberal_party
liberal_party
liberal_party
liberal_party
liberal_party
liberal_party
liberal_party
liberal_party
liberal_party
liberal_party
liberal_party
limited
limited
limited
limited
limited
limited
limited
limited
limited
limited
limited
money
money
money
money
money
money
money
money
money
money
money
newspaper
newspaper
newspaper
newspaper
newspaper
newspaper
newspaper
newspaper
newspaper
newspaper
newspaper
operation
operation
operation
operation
operation
operation
operation
operation
operation
operation
operation
pass
pass
pass
pass
pass
pass
pass
pass
pass
pass
pass
persons
persons
persons
persons
persons
persons
persons
persons
persons
persons
persons
president
president
president
president
president
president
president
president
president
president
president
programme
programme
programme
programme
programme
programme
programme
programme
programme
programme
programme
proposed
proposed
proposed
proposed
proposed
proposed
proposed
proposed
proposed
proposed
proposed
provision
provision
provision
provision
provision
provision
provision
provision
provision
provision
provision
referred
referred
referred
referred
referred
referred
referred
referred
referred
referred
referred
representation
representation
representation
representation
representation
representation
representation
representation
representation
representation
representation
shipping
shipping
shipping
shipping
shipping
shipping
shipping
shipping
shipping
shipping
shipping
surely
surely
surely
surely
surely
surely
surely
surely
surely
surely
surely
taking
taking
taking
taking
taking
taking
taking
taking
taking
taking
taking
whilst
whilst
whilst
whilst
whilst
whilst
whilst
whilst
whilst
whilst
whilst
adelaide
adelaide
adelaide
adelaide
adelaide
adelaide
adelaide
adelaide
adelaide
adelaide
association
association
association
association
association
association
association
association
association
association
beef
beef
beef
beef
beef
beef
beef
beef
beef
beef
carrying
carrying
carrying
carrying
carrying
carrying
carrying
carrying
carrying
carrying
combines
combines
combines
combines
combines
combines
combines
combines
combines
combines
commodities
commodities
commodities
commodities
commodities
commodities
commodities
commodities
commodities
commodities
fair
fair
fair
fair
fair
fair
fair
fair
fair
fair
federation
federation
federation
federation
federation
federation
federation
federation
federation
federation
gentlemen
gentlemen
gentlemen
gentlemen
gentlemen
gentlemen
gentlemen
gentlemen
gentlemen
gentlemen
history
history
history
history
history
history
history
history
history
history
increase
increase
increase
increase
increase
increase
increase
increase
increase
increase
information
information
information
information
information
information
information
information
information
information
land
land
land
land
land
land
land
land
land
land
loss
loss
loss
loss
loss
loss
loss
loss
loss
loss
matches
matches
matches
matches
matches
matches
matches
matches
matches
matches
monopolies
monopolies
monopolies
monopolies
monopolies
monopolies
monopolies
monopolies
monopolies
monopolies
operations
operations
operations
operations
operations
operations
operations
operations
operations
operations
organization
organization
organization
organization
organization
organization
organization
organization
organization
organization
petition
petition
petition
petition
petition
petition
petition
petition
petition
petition
recently
recently
recently
recently
recently
recently
recently
recently
recently
recently
report
report
report
report
report
report
report
report
report
report
selling
selling
selling
selling
selling
selling
selling
selling
selling
selling
south
south
south
south
south
south
south
south
south
south
subject
subject
subject
subject
subject
subject
subject
subject
subject
subject
system
system
system
system
system
system
system
system
system
system
tariff
tariff
tariff
tariff
tariff
tariff
tariff
tariff
tariff
tariff
terms
terms
terms
terms
terms
terms
terms
terms
terms
terms
admit
admit
admit
admit
admit
admit
admit
admit
admit
attorneygeneral
attorneygeneral
attorneygeneral
attorneygeneral
attorneygeneral
attorneygeneral
attorneygeneral
attorneygeneral
attorneygeneral
charged
charged
charged
charged
charged
charged
charged
charged
charged
citizens
citizens
citizens
citizens
citizens
citizens
citizens
citizens
citizens
common
common
common
common
common
common
common
common
common
exercise
exercise
exercise
exercise
exercise
exercise
exercise
exercise
exercise
fight
fight
fight
fight
fight
fight
fight
fight
fight
forward
forward
forward
forward
forward
forward
forward
forward
forward
guthrie
guthrie
guthrie
guthrie
guthrie
guthrie
guthrie
guthrie
guthrie
keefe
keefe
keefe
keefe
keefe
keefe
keefe
keefe
keefe
legitimate
legitimate
legitimate
legitimate
legitimate
legitimate
legitimate
legitimate
legitimate
maughan
maughan
maughan
maughan
maughan
maughan
maughan
maughan
maughan
meat
meat
meat
meat
meat
meat
meat
meat
meat
passing
passing
passing
passing
passing
passing
passing
passing
passing
pledged
pledged
pledged
pledged
pledged
pledged
pledged
pledged
pledged
policy
policy
policy
policy
policy
policy
policy
policy
policy
principle
principle
principle
principle
principle
principle
principle
principle
principle
produced
produced
produced
produced
produced
produced
produced
produced
produced
production
production
production
production
production
production
production
production
production
protect
protect
protect
protect
protect
protect
protect
protect
protect
refer
refer
refer
refer
refer
refer
refer
refer
refer
represented
represented
represented
represented
represented
represented
represented
represented
represented
responsible
responsible
responsible
responsible
responsible
responsible
responsible
responsible
responsible
robbing
robbing
robbing
robbing
robbing
robbing
robbing
robbing
robbing
services
services
services
services
services
services
services
services
services
speak
speak
speak
speak
speak
speak
speak
speak
speak
weight
weight
weight
weight
weight
weight
weight
weight
weight
yo
yo
yo
yo
yo
yo
yo
yo
yo
age
age
age
age
age
age
age
age
allowed
allowed
allowed
allowed
allowed
allowed
allowed
allowed
arrangement
arrangement
arrangement
arrangement
arrangement
arrangement
arrangement
arrangement
article
article
article
article
article
article
article
article
bad
bad
bad
bad
bad
bad
bad
bad
bring
bring
bring
bring
bring
bring
bring
bring
coal
coal
coal
coal
coal
coal
coal
coal
commission
commission
commission
commission
commission
commission
commission
commission
complete
complete
complete
complete
complete
complete
complete
complete
considerable
considerable
considerable
considerable
considerable
considerable
considerable
considerable
continue
continue
continue
continue
continue
continue
continue
continue
discuss
discuss
discuss
discuss
discuss
discuss
discuss
discuss
divided
divided
divided
divided
divided
divided
divided
divided
engaged
engaged
engaged
engaged
engaged
engaged
engaged
engaged
equal
equal
equal
equal
equal
equal
equal
equal
exchange
exchange
exchange
exchange
exchange
exchange
exchange
exchange
existence
existence
existence
existence
existence
existence
existence
existence
factories
factories
factories
factories
factories
factories
factories
factories
follow
follow
follow
follow
follow
follow
follow
follow
france
france
france
france
france
france
france
france
freights
freights
freights
freights
freights
freights
freights
freights
gardiner
gardiner
gardiner
gardiner
gardiner
gardiner
gardiner
gardiner
hobart
hobart
hobart
hobart
hobart
hobart
hobart
hobart
ideals
ideals
ideals
ideals
ideals
ideals
ideals
ideals
leave
leave
leave
leave
leave
leave
leave
leave
practically
practically
practically
practically
practically
practically
practically
practically
preference
preference
preference
preference
preference
preference
preference
preference
propose
propose
propose
propose
propose
propose
propose
propose
prove
prove
prove
prove
prove
prove
prove
prove
regarded
regarded
regarded
regarded
regarded
regarded
regarded
regarded
represent
represent
represent
represent
represent
represent
represent
represent
resources
resources
resources
resources
resources
resources
resources
resources
speaking
speaking
speaking
speaking
speaking
speaking
speaking
speaking
submission
submission
submission
submission
submission
submission
submission
submission
suggest
suggest
suggest
suggest
suggest
suggest
suggest
suggest
term
term
term
term
term
term
term
term
tliey
tliey
tliey
tliey
tliey
tliey
tliey
tliey
transaction
transaction
transaction
transaction
transaction
transaction
transaction
transaction
vicepresident
vicepresident
vicepresident
vicepresident
vicepresident
vicepresident
vicepresident
vicepresident
votes
votes
votes
votes
votes
votes
votes
votes
wages
wages
wages
wages
wages
wages
wages
wages
agree
agree
agree
agree
agree
agree
agree
agreement
agreement
agreement
agreement
agreement
agreement
agreement
albebt
albebt
albebt
albebt
albebt
albebt
albebt
amend
amend
amend
amend
amend
amend
amend
attitude
attitude
attitude
attitude
attitude
attitude
attitude
branch
branch
branch
branch
branch
branch
branch
brought
brought
brought
brought
brought
brought
brought
chaff
chaff
chaff
chaff
chaff
chaff
chaff
character
character
character
character
character
character
character
cheaper
cheaper
cheaper
cheaper
cheaper
cheaper
cheaper
clb
clb
clb
clb
clb
clb
clb
coming
coming
coming
coming
coming
coming
coming
commodity
commodity
commodity
commodity
commodity
commodity
commodity
contrary
contrary
contrary
contrary
contrary
contrary
contrary
convention
convention
convention
convention
convention
convention
convention
direction
direction
direction
direction
direction
direction
direction
enable
enable
enable
enable
enable
enable
enable
favour
favour
favour
favour
favour
favour
favour
fixes
fixes
fixes
fixes
fixes
fixes
fixes
formed
formed
formed
formed
formed
formed
formed
front
front
front
front
front
front
front
german
german
german
german
german
german
german
ground
ground
ground
ground
ground
ground
ground
ho
ho
ho
ho
ho
ho
ho
impossible
impossible
impossible
impossible
impossible
impossible
impossible
increasing
increasing
increasing
increasing
increasing
increasing
increasing
industries
industries
industries
industries
industries
industries
industries
ing
ing
ing
ing
ing
ing
ing
instance
instance
instance
instance
instance
instance
instance
justice
justice
justice
justice
justice
justice
justice
launceston
launceston
launceston
launceston
launceston
launceston
launceston
liberals
liberals
liberals
liberals
liberals
liberals
liberals
life
life
life
life
life
life
life
line
line
line
line
line
line
line
object
object
object
object
object
object
object
oj
oj
oj
oj
oj
oj
oj
oppose
oppose
oppose
oppose
oppose
oppose
oppose
ordinary
ordinary
ordinary
ordinary
ordinary
ordinary
ordinary
paid
paid
paid
paid
paid
paid
paid
perfectly
perfectly
perfectly
perfectly
perfectly
perfectly
perfectly
population
population
population
population
population
population
population
proof
proof
proof
proof
proof
proof
proof
purpose
purpose
purpose
purpose
purpose
purpose
purpose
requirements
requirements
requirements
requirements
requirements
requirements
requirements
return
return
return
return
return
return
return
seek
seek
seek
seek
seek
seek
seek
senior
senior
senior
senior
senior
senior
senior
shares
shares
shares
shares
shares
shares
shares
sovereign
sovereign
sovereign
sovereign
sovereign
sovereign
sovereign
spoken
spoken
spoken
spoken
spoken
spoken
spoken
stand
stand
stand
stand
stand
stand
stand
stop
stop
stop
stop
stop
stop
stop
supreme
supreme
supreme
supreme
supreme
supreme
supreme
talk
talk
talk
talk
talk
talk
talk
ton
ton
ton
ton
ton
ton
ton
trouble
trouble
trouble
trouble
trouble
trouble
trouble
unionists
unionists
unionists
unionists
unionists
unionists
unionists
views
views
views
views
views
views
views
voting
voting
voting
voting
voting
voting
voting
wrong
wrong
wrong
wrong
wrong
wrong
wrong
adopted
adopted
adopted
adopted
adopted
adopted
ahead
ahead
ahead
ahead
ahead
ahead
anticipate
anticipate
anticipate
anticipate
anticipate
anticipate
appeal
appeal
appeal
appeal
appeal
appeal
apply
apply
apply
apply
apply
apply
care
care
care
care
care
care
charges
charges
charges
charges
charges
charges
cheap
cheap
cheap
cheap
cheap
cheap
clerk
clerk
clerk
clerk
clerk
clerk
colonial
colonial
colonial
colonial
colonial
colonial
commercial
commercial
commercial
commercial
commercial
commercial
conclusion
conclusion
conclusion
conclusion
conclusion
conclusion
contract
contract
contract
contract
contract
contract
controlled
controlled
controlled
controlled
controlled
controlled
countries
countries
countries
countries
countries
countries
date
date
date
date
date
date
dealt
dealt
dealt
dealt
dealt
dealt
debate
debate
debate
debate
debate
debate
dr
dr
dr
dr
dr
dr
effectively
effectively
effectively
effectively
effectively
effectively
enervating
enervating
enervating
enervating
enervating
enervating
established
established
established
established
established
established
establishment
establishment
establishment
establishment
establishment
establishment
existing
existing
existing
existing
existing
existing
express
express
express
express
express
express
extend
extend
extend
extend
extend
extend
fear
fear
fear
fear
fear
fear
fighting
fighting
fighting
fighting
fighting
fighting
figures
figures
figures
figures
figures
figures
financial
financial
financial
financial
financial
financial
future
future
future
future
future
future
gross
gross
gross
gross
gross
gross
growers
growers
growers
growers
growers
growers
happened
happened
happened
happened
happened
happened
hatchet
hatchet
hatchet
hatchet
hatchet
hatchet
home
home
home
home
home
home
huge
huge
huge
huge
huge
huge
implement
implement
implement
implement
implement
implement
instances
instances
instances
instances
instances
instances
intend
intend
intend
intend
intend
intend
intended
intended
intended
intended
intended
intended
juncture
juncture
juncture
juncture
juncture
juncture
live
live
live
live
live
live
london
london
london
london
london
london
ls
ls
ls
ls
ls
ls
machine
machine
machine
machine
machine
machine
machinery
machinery
machinery
machinery
machinery
machinery
market
market
market
market
market
market
means
means
means
means
means
means
measure
measure
measure
measure
measure
measure
ment
ment
ment
ment
ment
ment
mentioned
mentioned
mentioned
mentioned
mentioned
mentioned
met
met
met
met
met
met
mind
mind
mind
mind
mind
mind
ministers
ministers
ministers
ministers
ministers
ministers
nature
nature
nature
nature
nature
nature
notwithstanding
notwithstanding
notwithstanding
notwithstanding
notwithstanding
notwithstanding
oz
oz
oz
oz
oz
oz
parliamentary
parliamentary
parliamentary
parliamentary
parliamentary
parliamentary
parliaments
parliaments
parliaments
parliaments
parliaments
parliaments
parties
parties
parties
parties
parties
parties
peace
peace
peace
peace
peace
peace
phrase
phrase
phrase
phrase
phrase
phrase
pockets
pockets
pockets
pockets
pockets
pockets
politics
politics
politics
politics
politics
politics
port
port
port
port
port
port
possess
possess
possess
possess
possess
possess
postal
postal
postal
postal
postal
postal
proceed
proceed
proceed
proceed
proceed
proceed
raised
raised
raised
raised
raised
raised
ranks
ranks
ranks
ranks
ranks
ranks
reading
reading
reading
reading
reading
reading
received
received
received
received
received
received
recognise
recognise
recognise
recognise
recognise
recognise
records
records
records
records
records
records
remain
remain
remain
remain
remain
remain
remarks
remarks
remarks
remarks
remarks
remarks
remedy
remedy
remedy
remedy
remedy
remedy
remind
remind
remind
remind
remind
remind
reply
reply
reply
reply
reply
reply
ring
ring
ring
ring
ring
ring
royal_commission
royal_commission
royal_commission
royal_commission
royal_commission
royal_commission
rule
rule
rule
rule
rule
rule
similar
similar
similar
similar
similar
similar
sort
sort
sort
sort
sort
sort
stated
stated
stated
stated
stated
stated
supplies
supplies
supplies
supplies
supplies
supplies
sussexstreet
sussexstreet
sussexstreet
sussexstreet
sussexstreet
sussexstreet
taxation
taxation
taxation
taxation
taxation
taxation
tion
tion
tion
tion
tion
tion
tlieir
tlieir
tlieir
tlieir
tlieir
tlieir
true
true
true
true
true
true
truth
truth
truth
truth
truth
truth
western_australia
western_australia
western_australia
western_australia
western_australia
western_australia
