word
commission
commission
commission
commission
commission
commission
commission
commission
commission
commission
commission
commission
commission
commission
commission
commission
commission
commission
commission
commission
commission
commission
commission
commission
commission
commission
commission
commission
commission
commission
commission
commission
commission
commission
commission
commission
commission
commission
commission
commission
commission
commission
commission
commission
commission
commission
commission
commission
commission
commission
commission
commission
commission
commission
commission
commission
commission
commission
commission
commission
commission
commission
commission
commission
commission
commission
commission
commission
commission
commission
commission
commission
commission
commission
commission
commission
commission
commission
commission
commission
commission
commission
commission
commission
commission
commission
commission
commission
commission
commission
commission
commission
commission
commission
commission
commission
commission
commission
commission
commission
commission
commission
commission
commission
commission
commission
commission
commission
commission
commission
commission
commission
commission
commission
commission
commission
commission
commission
commission
commission
commission
commission
commission
commission
commission
commission
commission
commission
commission
commission
commission
commission
commission
commission
commission
commission
commission
commission
commission
commission
commission
commission
commission
commission
commission
commission
commission
commission
commission
commission
commission
commission
commission
commission
commission
commission
commission
commission
commission
commission
commission
commission
commission
commission
commission
commission
commission
commission
commission
commission
commission
commission
commission
commission
commission
commission
commission
commission
commission
commission
commission
broadcasting
broadcasting
broadcasting
broadcasting
broadcasting
broadcasting
broadcasting
broadcasting
broadcasting
broadcasting
broadcasting
broadcasting
broadcasting
broadcasting
broadcasting
broadcasting
broadcasting
broadcasting
broadcasting
broadcasting
broadcasting
broadcasting
broadcasting
broadcasting
broadcasting
broadcasting
broadcasting
broadcasting
broadcasting
broadcasting
broadcasting
broadcasting
broadcasting
broadcasting
broadcasting
broadcasting
broadcasting
broadcasting
broadcasting
broadcasting
broadcasting
broadcasting
broadcasting
broadcasting
broadcasting
broadcasting
broadcasting
broadcasting
broadcasting
broadcasting
broadcasting
broadcasting
broadcasting
broadcasting
broadcasting
broadcasting
broadcasting
broadcasting
broadcasting
broadcasting
broadcasting
broadcasting
broadcasting
broadcasting
broadcasting
broadcasting
broadcasting
broadcasting
broadcasting
broadcasting
broadcasting
broadcasting
broadcasting
broadcasting
broadcasting
broadcasting
broadcasting
broadcasting
broadcasting
broadcasting
broadcasting
broadcasting
broadcasting
broadcasting
broadcasting
broadcasting
broadcasting
broadcasting
broadcasting
broadcasting
broadcasting
broadcasting
broadcasting
broadcasting
broadcasting
broadcasting
broadcasting
broadcasting
broadcasting
broadcasting
broadcasting
broadcasting
broadcasting
broadcasting
broadcasting
broadcasting
broadcasting
broadcasting
broadcasting
broadcasting
broadcasting
broadcasting
broadcasting
broadcasting
broadcasting
broadcasting
broadcasting
broadcasting
broadcasting
broadcasting
broadcasting
broadcasting
broadcasting
broadcasting
broadcasting
broadcasting
broadcasting
broadcasting
broadcasting
broadcasting
broadcasting
broadcasting
broadcasting
broadcasting
broadcasting
broadcasting
broadcasting
broadcasting
broadcasting
broadcasting
broadcasting
broadcasting
broadcasting
broadcasting
broadcasting
broadcasting
broadcasting
broadcasting
broadcasting
broadcasting
broadcasting
broadcasting
broadcasting
broadcasting
broadcasting
broadcasting
broadcasting
broadcasting
broadcasting
broadcasting
war
war
war
war
war
war
war
war
war
war
war
war
war
war
war
war
war
war
war
war
war
war
war
war
war
war
war
war
war
war
war
war
war
war
war
war
war
war
war
war
war
war
war
war
war
war
war
war
war
war
war
war
war
war
war
war
war
war
war
war
war
war
war
war
war
war
war
war
war
war
war
war
war
war
war
war
war
war
war
war
war
war
war
war
war
war
war
war
war
war
war
war
war
war
war
war
war
war
war
war
war
war
war
war
war
war
war
war
war
war
war
war
western_australia
western_australia
western_australia
western_australia
western_australia
western_australia
western_australia
western_australia
western_australia
western_australia
western_australia
western_australia
western_australia
western_australia
western_australia
western_australia
western_australia
western_australia
western_australia
western_australia
western_australia
western_australia
western_australia
western_australia
western_australia
western_australia
western_australia
western_australia
western_australia
western_australia
western_australia
western_australia
western_australia
western_australia
western_australia
western_australia
western_australia
western_australia
western_australia
western_australia
western_australia
western_australia
western_australia
western_australia
western_australia
western_australia
western_australia
western_australia
western_australia
western_australia
western_australia
western_australia
western_australia
western_australia
western_australia
western_australia
western_australia
western_australia
western_australia
western_australia
western_australia
western_australia
western_australia
western_australia
western_australia
western_australia
western_australia
western_australia
western_australia
western_australia
western_australia
western_australia
western_australia
time
time
time
time
time
time
time
time
time
time
time
time
time
time
time
time
time
time
time
time
time
time
time
time
time
time
time
time
time
time
time
time
time
time
time
time
time
time
time
time
time
time
time
time
time
time
time
time
time
time
time
time
time
time
time
time
time
time
time
time
time
time
time
time
time
time
contracts
contracts
contracts
contracts
contracts
contracts
contracts
contracts
contracts
contracts
contracts
contracts
contracts
contracts
contracts
contracts
contracts
contracts
contracts
contracts
contracts
contracts
contracts
contracts
contracts
contracts
contracts
contracts
contracts
contracts
contracts
contracts
contracts
contracts
contracts
contracts
contracts
contracts
contracts
contracts
contracts
contracts
contracts
contracts
contracts
contracts
contracts
contracts
contracts
contracts
contracts
contracts
contracts
contracts
contracts
contracts
contracts
national
national
national
national
national
national
national
national
national
national
national
national
national
national
national
national
national
national
national
national
national
national
national
national
national
national
national
national
national
national
national
national
national
national
national
national
national
national
national
national
national
national
national
national
national
national
national
national
national
national
national
national
national
national
new_south_wales
new_south_wales
new_south_wales
new_south_wales
new_south_wales
new_south_wales
new_south_wales
new_south_wales
new_south_wales
new_south_wales
new_south_wales
new_south_wales
new_south_wales
new_south_wales
new_south_wales
new_south_wales
new_south_wales
new_south_wales
new_south_wales
new_south_wales
new_south_wales
new_south_wales
new_south_wales
new_south_wales
new_south_wales
new_south_wales
new_south_wales
new_south_wales
new_south_wales
new_south_wales
new_south_wales
new_south_wales
new_south_wales
new_south_wales
new_south_wales
new_south_wales
new_south_wales
new_south_wales
new_south_wales
new_south_wales
new_south_wales
new_south_wales
new_south_wales
new_south_wales
new_south_wales
new_south_wales
new_south_wales
new_south_wales
new_south_wales
new_south_wales
new_south_wales
new_south_wales
new_south_wales
matter
matter
matter
matter
matter
matter
matter
matter
matter
matter
matter
matter
matter
matter
matter
matter
matter
matter
matter
matter
matter
matter
matter
matter
matter
matter
matter
matter
matter
matter
matter
matter
matter
matter
matter
matter
matter
matter
matter
matter
matter
matter
matter
matter
matter
matter
matter
matter
matter
matter
matter
matter
board
board
board
board
board
board
board
board
board
board
board
board
board
board
board
board
board
board
board
board
board
board
board
board
board
board
board
board
board
board
board
board
board
board
board
board
board
board
board
board
board
board
board
board
board
board
board
board
board
stations
stations
stations
stations
stations
stations
stations
stations
stations
stations
stations
stations
stations
stations
stations
stations
stations
stations
stations
stations
stations
stations
stations
stations
stations
stations
stations
stations
stations
stations
stations
stations
stations
stations
stations
stations
stations
stations
stations
stations
stations
stations
stations
stations
stations
stations
stations
defence
defence
defence
defence
defence
defence
defence
defence
defence
defence
defence
defence
defence
defence
defence
defence
defence
defence
defence
defence
defence
defence
defence
defence
defence
defence
defence
defence
defence
defence
defence
defence
defence
defence
defence
defence
defence
defence
defence
defence
defence
defence
defence
defence
defence
defence
received
received
received
received
received
received
received
received
received
received
received
received
received
received
received
received
received
received
received
received
received
received
received
received
received
received
received
received
received
received
received
received
received
received
received
received
received
received
received
received
received
received
received
received
party
party
party
party
party
party
party
party
party
party
party
party
party
party
party
party
party
party
party
party
party
party
party
party
party
party
party
party
party
party
party
party
party
party
party
party
party
party
party
party
party
party
party
senators
senators
senators
senators
senators
senators
senators
senators
senators
senators
senators
senators
senators
senators
senators
senators
senators
senators
senators
senators
senators
senators
senators
senators
senators
senators
senators
senators
senators
senators
senators
senators
senators
senators
senators
senators
senators
senators
senators
senators
senators
senators
service
service
service
service
service
service
service
service
service
service
service
service
service
service
service
service
service
service
service
service
service
service
service
service
service
service
service
service
service
service
service
service
service
service
service
service
service
service
service
service
service
service
tasmania
tasmania
tasmania
tasmania
tasmania
tasmania
tasmania
tasmania
tasmania
tasmania
tasmania
tasmania
tasmania
tasmania
tasmania
tasmania
tasmania
tasmania
tasmania
tasmania
tasmania
tasmania
tasmania
tasmania
tasmania
tasmania
tasmania
tasmania
tasmania
tasmania
tasmania
tasmania
tasmania
tasmania
tasmania
tasmania
tasmania
tasmania
tasmania
tasmania
tasmania
tasmania
public
public
public
public
public
public
public
public
public
public
public
public
public
public
public
public
public
public
public
public
public
public
public
public
public
public
public
public
public
public
public
public
public
public
public
public
public
public
public
public
public
news
news
news
news
news
news
news
news
news
news
news
news
news
news
news
news
news
news
news
news
news
news
news
news
news
news
news
news
news
news
news
news
news
news
news
news
news
news
speech
speech
speech
speech
speech
speech
speech
speech
speech
speech
speech
speech
speech
speech
speech
speech
speech
speech
speech
speech
speech
speech
speech
speech
speech
speech
speech
speech
speech
speech
speech
speech
speech
speech
speech
speech
speech
statement
statement
statement
statement
statement
statement
statement
statement
statement
statement
statement
statement
statement
statement
statement
statement
statement
statement
statement
statement
statement
statement
statement
statement
statement
statement
statement
statement
statement
statement
statement
statement
statement
statement
statement
statement
supply
supply
supply
supply
supply
supply
supply
supply
supply
supply
supply
supply
supply
supply
supply
supply
supply
supply
supply
supply
supply
supply
supply
supply
supply
supply
supply
supply
supply
supply
supply
supply
supply
supply
supply
supply
per_cent
per_cent
per_cent
per_cent
per_cent
per_cent
per_cent
per_cent
per_cent
per_cent
per_cent
per_cent
per_cent
per_cent
per_cent
per_cent
per_cent
per_cent
per_cent
per_cent
per_cent
per_cent
per_cent
per_cent
per_cent
per_cent
per_cent
per_cent
per_cent
per_cent
per_cent
per_cent
per_cent
per_cent
per_cent
radio
radio
radio
radio
radio
radio
radio
radio
radio
radio
radio
radio
radio
radio
radio
radio
radio
radio
radio
radio
radio
radio
radio
radio
radio
radio
radio
radio
radio
radio
radio
radio
radio
radio
radio
country
country
country
country
country
country
country
country
country
country
country
country
country
country
country
country
country
country
country
country
country
country
country
country
country
country
country
country
country
country
country
country
country
country
department
department
department
department
department
department
department
department
department
department
department
department
department
department
department
department
department
department
department
department
department
department
department
department
department
department
department
department
department
department
department
department
department
department
information
information
information
information
information
information
information
information
information
information
information
information
information
information
information
information
information
information
information
information
information
information
information
information
information
information
information
information
information
information
information
information
information
information
press
press
press
press
press
press
press
press
press
press
press
press
press
press
press
press
press
press
press
press
press
press
press
press
press
press
press
press
press
press
press
press
press
press
regard
regard
regard
regard
regard
regard
regard
regard
regard
regard
regard
regard
regard
regard
regard
regard
regard
regard
regard
regard
regard
regard
regard
regard
regard
regard
regard
regard
regard
regard
regard
regard
regard
regard
clothing
clothing
clothing
clothing
clothing
clothing
clothing
clothing
clothing
clothing
clothing
clothing
clothing
clothing
clothing
clothing
clothing
clothing
clothing
clothing
clothing
clothing
clothing
clothing
clothing
clothing
clothing
clothing
clothing
clothing
clothing
clothing
clothing
policy
policy
policy
policy
policy
policy
policy
policy
policy
policy
policy
policy
policy
policy
policy
policy
policy
policy
policy
policy
policy
policy
policy
policy
policy
policy
policy
policy
policy
policy
policy
policy
policy
victoria
victoria
victoria
victoria
victoria
victoria
victoria
victoria
victoria
victoria
victoria
victoria
victoria
victoria
victoria
victoria
victoria
victoria
victoria
victoria
victoria
victoria
victoria
victoria
victoria
victoria
victoria
victoria
victoria
victoria
victoria
victoria
victoria
expenditure
expenditure
expenditure
expenditure
expenditure
expenditure
expenditure
expenditure
expenditure
expenditure
expenditure
expenditure
expenditure
expenditure
expenditure
expenditure
expenditure
expenditure
expenditure
expenditure
expenditure
expenditure
expenditure
expenditure
expenditure
expenditure
expenditure
expenditure
expenditure
expenditure
expenditure
expenditure
development
development
development
development
development
development
development
development
development
development
development
development
development
development
development
development
development
development
development
development
development
development
development
development
development
development
development
development
development
development
senate
senate
senate
senate
senate
senate
senate
senate
senate
senate
senate
senate
senate
senate
senate
senate
senate
senate
senate
senate
senate
senate
senate
senate
senate
senate
senate
senate
senate
senate
chamber
chamber
chamber
chamber
chamber
chamber
chamber
chamber
chamber
chamber
chamber
chamber
chamber
chamber
chamber
chamber
chamber
chamber
chamber
chamber
chamber
chamber
chamber
chamber
chamber
chamber
chamber
chamber
chamber
munitions
munitions
munitions
munitions
munitions
munitions
munitions
munitions
munitions
munitions
munitions
munitions
munitions
munitions
munitions
munitions
munitions
munitions
munitions
munitions
munitions
munitions
munitions
munitions
munitions
munitions
munitions
munitions
munitions
bank
bank
bank
bank
bank
bank
bank
bank
bank
bank
bank
bank
bank
bank
bank
bank
bank
bank
bank
bank
bank
bank
bank
bank
bank
bank
bank
bank
capacity
capacity
capacity
capacity
capacity
capacity
capacity
capacity
capacity
capacity
capacity
capacity
capacity
capacity
capacity
capacity
capacity
capacity
capacity
capacity
capacity
capacity
capacity
capacity
capacity
capacity
capacity
capacity
control
control
control
control
control
control
control
control
control
control
control
control
control
control
control
control
control
control
control
control
control
control
control
control
control
control
control
control
position
position
position
position
position
position
position
position
position
position
position
position
position
position
position
position
position
position
position
position
position
position
position
position
position
position
position
position
production
production
production
production
production
production
production
production
production
production
production
production
production
production
production
production
production
production
production
production
production
production
production
production
production
production
production
production
address
address
address
address
address
address
address
address
address
address
address
address
address
address
address
address
address
address
address
address
address
address
address
address
address
address
address
months
months
months
months
months
months
months
months
months
months
months
months
months
months
months
months
months
months
months
months
months
months
months
months
months
months
months
ago
ago
ago
ago
ago
ago
ago
ago
ago
ago
ago
ago
ago
ago
ago
ago
ago
ago
ago
ago
ago
ago
ago
ago
ago
ago
judge
judge
judge
judge
judge
judge
judge
judge
judge
judge
judge
judge
judge
judge
judge
judge
judge
judge
judge
judge
judge
judge
judge
judge
judge
judge
opinion
opinion
opinion
opinion
opinion
opinion
opinion
opinion
opinion
opinion
opinion
opinion
opinion
opinion
opinion
opinion
opinion
opinion
opinion
opinion
opinion
opinion
opinion
opinion
opinion
opinion
ashley
ashley
ashley
ashley
ashley
ashley
ashley
ashley
ashley
ashley
ashley
ashley
ashley
ashley
ashley
ashley
ashley
ashley
ashley
ashley
ashley
ashley
ashley
ashley
ashley
broadcast
broadcast
broadcast
broadcast
broadcast
broadcast
broadcast
broadcast
broadcast
broadcast
broadcast
broadcast
broadcast
broadcast
broadcast
broadcast
broadcast
broadcast
broadcast
broadcast
broadcast
broadcast
broadcast
broadcast
broadcast
parliament
parliament
parliament
parliament
parliament
parliament
parliament
parliament
parliament
parliament
parliament
parliament
parliament
parliament
parliament
parliament
parliament
parliament
parliament
parliament
parliament
parliament
parliament
parliament
parliament
committee
committee
committee
committee
committee
committee
committee
committee
committee
committee
committee
committee
committee
committee
committee
committee
committee
committee
committee
committee
committee
committee
committee
committee
manufacture
manufacture
manufacture
manufacture
manufacture
manufacture
manufacture
manufacture
manufacture
manufacture
manufacture
manufacture
manufacture
manufacture
manufacture
manufacture
manufacture
manufacture
manufacture
manufacture
manufacture
manufacture
manufacture
manufacture
notice
notice
notice
notice
notice
notice
notice
notice
notice
notice
notice
notice
notice
notice
notice
notice
notice
notice
notice
notice
notice
notice
notice
notice
effort
effort
effort
effort
effort
effort
effort
effort
effort
effort
effort
effort
effort
effort
effort
effort
effort
effort
effort
effort
effort
effort
effort
melbourne
melbourne
melbourne
melbourne
melbourne
melbourne
melbourne
melbourne
melbourne
melbourne
melbourne
melbourne
melbourne
melbourne
melbourne
melbourne
melbourne
melbourne
melbourne
melbourne
melbourne
melbourne
melbourne
paid
paid
paid
paid
paid
paid
paid
paid
paid
paid
paid
paid
paid
paid
paid
paid
paid
paid
paid
paid
paid
paid
paid
private
private
private
private
private
private
private
private
private
private
private
private
private
private
private
private
private
private
private
private
private
private
private
subject
subject
subject
subject
subject
subject
subject
subject
subject
subject
subject
subject
subject
subject
subject
subject
subject
subject
subject
subject
subject
subject
subject
wool
wool
wool
wool
wool
wool
wool
wool
wool
wool
wool
wool
wool
wool
wool
wool
wool
wool
wool
wool
wool
wool
wool
action
action
action
action
action
action
action
action
action
action
action
action
action
action
action
action
action
action
action
action
action
action
appointed
appointed
appointed
appointed
appointed
appointed
appointed
appointed
appointed
appointed
appointed
appointed
appointed
appointed
appointed
appointed
appointed
appointed
appointed
appointed
appointed
appointed
darcey
darcey
darcey
darcey
darcey
darcey
darcey
darcey
darcey
darcey
darcey
darcey
darcey
darcey
darcey
darcey
darcey
darcey
darcey
darcey
darcey
darcey
firearms
firearms
firearms
firearms
firearms
firearms
firearms
firearms
firearms
firearms
firearms
firearms
firearms
firearms
firearms
firearms
firearms
firearms
firearms
firearms
firearms
firearms
regulations
regulations
regulations
regulations
regulations
regulations
regulations
regulations
regulations
regulations
regulations
regulations
regulations
regulations
regulations
regulations
regulations
regulations
regulations
regulations
regulations
regulations
treasurybills
treasurybills
treasurybills
treasurybills
treasurybills
treasurybills
treasurybills
treasurybills
treasurybills
treasurybills
treasurybills
treasurybills
treasurybills
treasurybills
treasurybills
treasurybills
treasurybills
treasurybills
treasurybills
treasurybills
treasurybills
treasurybills
understand
understand
understand
understand
understand
understand
understand
understand
understand
understand
understand
understand
understand
understand
understand
understand
understand
understand
understand
understand
understand
understand
view
view
view
view
view
view
view
view
view
view
view
view
view
view
view
view
view
view
view
view
view
view
firms
firms
firms
firms
firms
firms
firms
firms
firms
firms
firms
firms
firms
firms
firms
firms
firms
firms
firms
firms
firms
persons
persons
persons
persons
persons
persons
persons
persons
persons
persons
persons
persons
persons
persons
persons
persons
persons
persons
persons
persons
persons
president
president
president
president
president
president
president
president
president
president
president
president
president
president
president
president
president
president
president
president
president
requirements
requirements
requirements
requirements
requirements
requirements
requirements
requirements
requirements
requirements
requirements
requirements
requirements
requirements
requirements
requirements
requirements
requirements
requirements
requirements
requirements
respect
respect
respect
respect
respect
respect
respect
respect
respect
respect
respect
respect
respect
respect
respect
respect
respect
respect
respect
respect
respect
finance
finance
finance
finance
finance
finance
finance
finance
finance
finance
finance
finance
finance
finance
finance
finance
finance
finance
finance
finance
ill
ill
ill
ill
ill
ill
ill
ill
ill
ill
ill
ill
ill
ill
ill
ill
ill
ill
ill
ill
military
military
military
military
military
military
military
military
military
military
military
military
military
military
military
military
military
military
military
military
money
money
money
money
money
money
money
money
money
money
money
money
money
money
money
money
money
money
money
money
provided
provided
provided
provided
provided
provided
provided
provided
provided
provided
provided
provided
provided
provided
provided
provided
provided
provided
provided
provided
representing
representing
representing
representing
representing
representing
representing
representing
representing
representing
representing
representing
representing
representing
representing
representing
representing
representing
representing
representing
responsible
responsible
responsible
responsible
responsible
responsible
responsible
responsible
responsible
responsible
responsible
responsible
responsible
responsible
responsible
responsible
responsible
responsible
responsible
responsible
business
business
business
business
business
business
business
business
business
business
business
business
business
business
business
business
business
business
business
collings
collings
collings
collings
collings
collings
collings
collings
collings
collings
collings
collings
collings
collings
collings
collings
collings
collings
collings
conditions
conditions
conditions
conditions
conditions
conditions
conditions
conditions
conditions
conditions
conditions
conditions
conditions
conditions
conditions
conditions
conditions
conditions
conditions
factories
factories
factories
factories
factories
factories
factories
factories
factories
factories
factories
factories
factories
factories
factories
factories
factories
factories
factories
governments
governments
governments
governments
governments
governments
governments
governments
governments
governments
governments
governments
governments
governments
governments
governments
governments
governments
governments
industry
industry
industry
industry
industry
industry
industry
industry
industry
industry
industry
industry
industry
industry
industry
industry
industry
industry
industry
proposed
proposed
proposed
proposed
proposed
proposed
proposed
proposed
proposed
proposed
proposed
proposed
proposed
proposed
proposed
proposed
proposed
proposed
proposed
read
read
read
read
read
read
read
read
read
read
read
read
read
read
read
read
read
read
read
recently
recently
recently
recently
recently
recently
recently
recently
recently
recently
recently
recently
recently
recently
recently
recently
recently
recently
recently
suggest
suggest
suggest
suggest
suggest
suggest
suggest
suggest
suggest
suggest
suggest
suggest
suggest
suggest
suggest
suggest
suggest
suggest
suggest
supplied
supplied
supplied
supplied
supplied
supplied
supplied
supplied
supplied
supplied
supplied
supplied
supplied
supplied
supplied
supplied
supplied
supplied
supplied
told
told
told
told
told
told
told
told
told
told
told
told
told
told
told
told
told
told
told
hays
hays
hays
hays
hays
hays
hays
hays
hays
hays
hays
hays
hays
hays
hays
hays
hays
hays
rate
rate
rate
rate
rate
rate
rate
rate
rate
rate
rate
rate
rate
rate
rate
rate
rate
rate
representative
representative
representative
representative
representative
representative
representative
representative
representative
representative
representative
representative
representative
representative
representative
representative
representative
representative
activities
activities
activities
activities
activities
activities
activities
activities
activities
activities
activities
activities
activities
activities
activities
activities
activities
censored
censored
censored
censored
censored
censored
censored
censored
censored
censored
censored
censored
censored
censored
censored
censored
censored
company
company
company
company
company
company
company
company
company
company
company
company
company
company
company
company
company
entitled
entitled
entitled
entitled
entitled
entitled
entitled
entitled
entitled
entitled
entitled
entitled
entitled
entitled
entitled
entitled
entitled
industries
industries
industries
industries
industries
industries
industries
industries
industries
industries
industries
industries
industries
industries
industries
industries
industries
result
result
result
result
result
result
result
result
result
result
result
result
result
result
result
result
result
services
services
services
services
services
services
services
services
services
services
services
services
services
services
services
services
services
views
views
views
views
views
views
views
views
views
views
views
views
views
views
views
views
views
acting
acting
acting
acting
acting
acting
acting
acting
acting
acting
acting
acting
acting
acting
acting
acting
authorities
authorities
authorities
authorities
authorities
authorities
authorities
authorities
authorities
authorities
authorities
authorities
authorities
authorities
authorities
authorities
concerned
concerned
concerned
concerned
concerned
concerned
concerned
concerned
concerned
concerned
concerned
concerned
concerned
concerned
concerned
concerned
connection
connection
connection
connection
connection
connection
connection
connection
connection
connection
connection
connection
connection
connection
connection
connection
credit
credit
credit
credit
credit
credit
credit
credit
credit
credit
credit
credit
credit
credit
credit
credit
criticism
criticism
criticism
criticism
criticism
criticism
criticism
criticism
criticism
criticism
criticism
criticism
criticism
criticism
criticism
criticism
employees
employees
employees
employees
employees
employees
employees
employees
employees
employees
employees
employees
employees
employees
employees
employees
issue
issue
issue
issue
issue
issue
issue
issue
issue
issue
issue
issue
issue
issue
issue
issue
obtain
obtain
obtain
obtain
obtain
obtain
obtain
obtain
obtain
obtain
obtain
obtain
obtain
obtain
obtain
obtain
political
political
political
political
political
political
political
political
political
political
political
political
political
political
political
political
question
question
question
question
question
question
question
question
question
question
question
question
question
question
question
question
questions
questions
questions
questions
questions
questions
questions
questions
questions
questions
questions
questions
questions
questions
questions
questions
reason
reason
reason
reason
reason
reason
reason
reason
reason
reason
reason
reason
reason
reason
reason
reason
telephone
telephone
telephone
telephone
telephone
telephone
telephone
telephone
telephone
telephone
telephone
telephone
telephone
telephone
telephone
telephone
amount
amount
amount
amount
amount
amount
amount
amount
amount
amount
amount
amount
amount
amount
amount
articles
articles
articles
articles
articles
articles
articles
articles
articles
articles
articles
articles
articles
articles
articles
british
british
british
british
british
british
british
british
british
british
british
british
british
british
british
established
established
established
established
established
established
established
established
established
established
established
established
established
established
established
figures
figures
figures
figures
figures
figures
figures
figures
figures
figures
figures
figures
figures
figures
figures
hope
hope
hope
hope
hope
hope
hope
hope
hope
hope
hope
hope
hope
hope
hope
opportunity
opportunity
opportunity
opportunity
opportunity
opportunity
opportunity
opportunity
opportunity
opportunity
opportunity
opportunity
opportunity
opportunity
opportunity
pay
pay
pay
pay
pay
pay
pay
pay
pay
pay
pay
pay
pay
pay
pay
stated
stated
stated
stated
stated
stated
stated
stated
stated
stated
stated
stated
stated
stated
stated
treasurer
treasurer
treasurer
treasurer
treasurer
treasurer
treasurer
treasurer
treasurer
treasurer
treasurer
treasurer
treasurer
treasurer
treasurer
agree
agree
agree
agree
agree
agree
agree
agree
agree
agree
agree
agree
agree
agree
annexes
annexes
annexes
annexes
annexes
annexes
annexes
annexes
annexes
annexes
annexes
annexes
annexes
annexes
commissions
commissions
commissions
commissions
commissions
commissions
commissions
commissions
commissions
commissions
commissions
commissions
commissions
commissions
commonwealth_bank
commonwealth_bank
commonwealth_bank
commonwealth_bank
commonwealth_bank
commonwealth_bank
commonwealth_bank
commonwealth_bank
commonwealth_bank
commonwealth_bank
commonwealth_bank
commonwealth_bank
commonwealth_bank
commonwealth_bank
consideration
consideration
consideration
consideration
consideration
consideration
consideration
consideration
consideration
consideration
consideration
consideration
consideration
consideration
engaged
engaged
engaged
engaged
engaged
engaged
engaged
engaged
engaged
engaged
engaged
engaged
engaged
engaged
firm
firm
firm
firm
firm
firm
firm
firm
firm
firm
firm
firm
firm
firm
increase
increase
increase
increase
increase
increase
increase
increase
increase
increase
increase
increase
increase
increase
letter
letter
letter
letter
letter
letter
letter
letter
letter
letter
letter
letter
letter
letter
limited
limited
limited
limited
limited
limited
limited
limited
limited
limited
limited
limited
limited
limited
local
local
local
local
local
local
local
local
local
local
local
local
local
local
material
material
material
material
material
material
material
material
material
material
material
material
material
material
pm
pm
pm
pm
pm
pm
pm
pm
pm
pm
pm
pm
pm
pm
reply
reply
reply
reply
reply
reply
reply
reply
reply
reply
reply
reply
reply
reply
report
report
report
report
report
report
report
report
report
report
report
report
report
report
tools
tools
tools
tools
tools
tools
tools
tools
tools
tools
tools
tools
tools
tools
weekly
weekly
weekly
weekly
weekly
weekly
weekly
weekly
weekly
weekly
weekly
weekly
weekly
weekly
annual
annual
annual
annual
annual
annual
annual
annual
annual
annual
annual
annual
annual
aylett
aylett
aylett
aylett
aylett
aylett
aylett
aylett
aylett
aylett
aylett
aylett
aylett
collett
collett
collett
collett
collett
collett
collett
collett
collett
collett
collett
collett
collett
community
community
community
community
community
community
community
community
community
community
community
community
community
contract
contract
contract
contract
contract
contract
contract
contract
contract
contract
contract
contract
contract
deposits
deposits
deposits
deposits
deposits
deposits
deposits
deposits
deposits
deposits
deposits
deposits
deposits
effect
effect
effect
effect
effect
effect
effect
effect
effect
effect
effect
effect
effect
expended
expended
expended
expended
expended
expended
expended
expended
expended
expended
expended
expended
expended
facilities
facilities
facilities
facilities
facilities
facilities
facilities
facilities
facilities
facilities
facilities
facilities
facilities
heard
heard
heard
heard
heard
heard
heard
heard
heard
heard
heard
heard
heard
industrial
industrial
industrial
industrial
industrial
industrial
industrial
industrial
industrial
industrial
industrial
industrial
industrial
listeners
listeners
listeners
listeners
listeners
listeners
listeners
listeners
listeners
listeners
listeners
listeners
listeners
populous
populous
populous
populous
populous
populous
populous
populous
populous
populous
populous
populous
populous
postmastergeneral
postmastergeneral
postmastergeneral
postmastergeneral
postmastergeneral
postmastergeneral
postmastergeneral
postmastergeneral
postmastergeneral
postmastergeneral
postmastergeneral
postmastergeneral
postmastergeneral
queensland
queensland
queensland
queensland
queensland
queensland
queensland
queensland
queensland
queensland
queensland
queensland
queensland
receiving
receiving
receiving
receiving
receiving
receiving
receiving
receiving
receiving
receiving
receiving
receiving
receiving
required
required
required
required
required
required
required
required
required
required
required
required
required
resources
resources
resources
resources
resources
resources
resources
resources
resources
resources
resources
resources
resources
station
station
station
station
station
station
station
station
station
station
station
station
station
sufficient
sufficient
sufficient
sufficient
sufficient
sufficient
sufficient
sufficient
sufficient
sufficient
sufficient
sufficient
sufficient
workers
workers
workers
workers
workers
workers
workers
workers
workers
workers
workers
workers
workers
accept
accept
accept
accept
accept
accept
accept
accept
accept
accept
accept
accept
censoring
censoring
censoring
censoring
censoring
censoring
censoring
censoring
censoring
censoring
censoring
censoring
commercial
commercial
commercial
commercial
commercial
commercial
commercial
commercial
commercial
commercial
commercial
commercial
inquiry
inquiry
inquiry
inquiry
inquiry
inquiry
inquiry
inquiry
inquiry
inquiry
inquiry
inquiry
issued
issued
issued
issued
issued
issued
issued
issued
issued
issued
issued
issued
manufacturing
manufacturing
manufacturing
manufacturing
manufacturing
manufacturing
manufacturing
manufacturing
manufacturing
manufacturing
manufacturing
manufacturing
march
march
march
march
march
march
march
march
march
march
march
march
new_zealand
new_zealand
new_zealand
new_zealand
new_zealand
new_zealand
new_zealand
new_zealand
new_zealand
new_zealand
new_zealand
new_zealand
person
person
person
person
person
person
person
person
person
person
person
person
politics
politics
politics
politics
politics
politics
politics
politics
politics
politics
politics
politics
prices
prices
prices
prices
prices
prices
prices
prices
prices
prices
prices
prices
skilled
skilled
skilled
skilled
skilled
skilled
skilled
skilled
skilled
skilled
skilled
skilled
south
south
south
south
south
south
south
south
south
south
south
south
support
support
support
support
support
support
support
support
support
support
support
support
times
times
times
times
times
times
times
times
times
times
times
times
allocation
allocation
allocation
allocation
allocation
allocation
allocation
allocation
allocation
allocation
allocation
army
army
army
army
army
army
army
army
army
army
army
attention
attention
attention
attention
attention
attention
attention
attention
attention
attention
attention
behalf
behalf
behalf
behalf
behalf
behalf
behalf
behalf
behalf
behalf
behalf
body
body
body
body
body
body
body
body
body
body
body
charged
charged
charged
charged
charged
charged
charged
charged
charged
charged
charged
cost
cost
cost
cost
cost
cost
cost
cost
cost
cost
cost
deal
deal
deal
deal
deal
deal
deal
deal
deal
deal
deal
deputation
deputation
deputation
deputation
deputation
deputation
deputation
deputation
deputation
deputation
deputation
doubt
doubt
doubt
doubt
doubt
doubt
doubt
doubt
doubt
doubt
doubt
dozen
dozen
dozen
dozen
dozen
dozen
dozen
dozen
dozen
dozen
dozen
immediately
immediately
immediately
immediately
immediately
immediately
immediately
immediately
immediately
immediately
immediately
increased
increased
increased
increased
increased
increased
increased
increased
increased
increased
increased
informed
informed
informed
informed
informed
informed
informed
informed
informed
informed
informed
iron
iron
iron
iron
iron
iron
iron
iron
iron
iron
iron
job
job
job
job
job
job
job
job
job
job
job
list
list
list
list
list
list
list
list
list
list
list
london
london
london
london
london
london
london
london
london
london
london
manufacturers
manufacturers
manufacturers
manufacturers
manufacturers
manufacturers
manufacturers
manufacturers
manufacturers
manufacturers
manufacturers
means
means
means
means
means
means
means
means
means
means
means
meeting
meeting
meeting
meeting
meeting
meeting
meeting
meeting
meeting
meeting
meeting
opinions
opinions
opinions
opinions
opinions
opinions
opinions
opinions
opinions
opinions
opinions
period
period
period
period
period
period
period
period
period
period
period
petrol
petrol
petrol
petrol
petrol
petrol
petrol
petrol
petrol
petrol
petrol
power
power
power
power
power
power
power
power
power
power
power
prime_minister
prime_minister
prime_minister
prime_minister
prime_minister
prime_minister
prime_minister
prime_minister
prime_minister
prime_minister
prime_minister
programmes
programmes
programmes
programmes
programmes
programmes
programmes
programmes
programmes
programmes
programmes
refer
refer
refer
refer
refer
refer
refer
refer
refer
refer
refer
referred
referred
referred
referred
referred
referred
referred
referred
referred
referred
referred
representations
representations
representations
representations
representations
representations
representations
representations
representations
representations
representations
share
share
share
share
share
share
share
share
share
share
share
south_australia
south_australia
south_australia
south_australia
south_australia
south_australia
south_australia
south_australia
south_australia
south_australia
south_australia
st
st
st
st
st
st
st
st
st
st
st
statements
statements
statements
statements
statements
statements
statements
statements
statements
statements
statements
submitted
submitted
submitted
submitted
submitted
submitted
submitted
submitted
submitted
submitted
submitted
true
true
true
true
true
true
true
true
true
true
true
activity
activity
activity
activity
activity
activity
activity
activity
activity
activity
advantage
advantage
advantage
advantage
advantage
advantage
advantage
advantage
advantage
advantage
affairs
affairs
affairs
affairs
affairs
affairs
affairs
affairs
affairs
affairs
allocated
allocated
allocated
allocated
allocated
allocated
allocated
allocated
allocated
allocated
answer
answer
answer
answer
answer
answer
answer
answer
answer
answer
answers
answers
answers
answers
answers
answers
answers
answers
answers
answers
appointment
appointment
appointment
appointment
appointment
appointment
appointment
appointment
appointment
appointment
circumstances
circumstances
circumstances
circumstances
circumstances
circumstances
circumstances
circumstances
circumstances
circumstances
claims
claims
claims
claims
claims
claims
claims
claims
claims
claims
complete
complete
complete
complete
complete
complete
complete
complete
complete
complete
considerable
considerable
considerable
considerable
considerable
considerable
considerable
considerable
considerable
considerable
corporation
corporation
corporation
corporation
corporation
corporation
corporation
corporation
corporation
corporation
day
day
day
day
day
day
day
day
day
day
desire
desire
desire
desire
desire
desire
desire
desire
desire
desire
evidence
evidence
evidence
evidence
evidence
evidence
evidence
evidence
evidence
evidence
financial
financial
financial
financial
financial
financial
financial
financial
financial
financial
fosters
fosters
fosters
fosters
fosters
fosters
fosters
fosters
fosters
fosters
freedom
freedom
freedom
freedom
freedom
freedom
freedom
freedom
freedom
freedom
held
held
held
held
held
held
held
held
held
held
macdonald
macdonald
macdonald
macdonald
macdonald
macdonald
macdonald
macdonald
macdonald
macdonald
manager
manager
manager
manager
manager
manager
manager
manager
manager
manager
matters
matters
matters
matters
matters
matters
matters
matters
matters
matters
occasions
occasions
occasions
occasions
occasions
occasions
occasions
occasions
occasions
occasions
ore
ore
ore
ore
ore
ore
ore
ore
ore
ore
population
population
population
population
population
population
population
population
population
population
programme
programme
programme
programme
programme
programme
programme
programme
programme
programme
published
published
published
published
published
published
published
published
published
published
quantity
quantity
quantity
quantity
quantity
quantity
quantity
quantity
quantity
quantity
representatives
representatives
representatives
representatives
representatives
representatives
representatives
representatives
representatives
representatives
section
section
section
section
section
section
section
section
section
section
system
system
system
system
system
system
system
system
system
system
technical
technical
technical
technical
technical
technical
technical
technical
technical
technical
week
week
week
week
week
week
week
week
week
week
addition
addition
addition
addition
addition
addition
addition
addition
addition
allowed
allowed
allowed
allowed
allowed
allowed
allowed
allowed
allowed
basis
basis
basis
basis
basis
basis
basis
basis
basis
censorship
censorship
censorship
censorship
censorship
censorship
censorship
censorship
censorship
central
central
central
central
central
central
central
central
central
centres
centres
centres
centres
centres
centres
centres
centres
centres
chairman
chairman
chairman
chairman
chairman
chairman
chairman
chairman
chairman
citizens
citizens
citizens
citizens
citizens
citizens
citizens
citizens
citizens
companies
companies
companies
companies
companies
companies
companies
companies
companies
costs
costs
costs
costs
costs
costs
costs
costs
costs
council
council
council
council
council
council
council
council
council
delivered
delivered
delivered
delivered
delivered
delivered
delivered
delivered
delivered
duty
duty
duty
duty
duty
duty
duty
duty
duty
eastern
eastern
eastern
eastern
eastern
eastern
eastern
eastern
eastern
education
education
education
education
education
education
education
education
education
hy
hy
hy
hy
hy
hy
hy
hy
hy
inquiries
inquiries
inquiries
inquiries
inquiries
inquiries
inquiries
inquiries
inquiries
instance
instance
instance
instance
instance
instance
instance
instance
instance
life
life
life
life
life
life
life
life
life
meet
meet
meet
meet
meet
meet
meet
meet
meet
meetings
meetings
meetings
meetings
meetings
meetings
meetings
meetings
meetings
music
music
music
music
music
music
music
music
music
newspapers
newspapers
newspapers
newspapers
newspapers
newspapers
newspapers
newspapers
newspapers
outbreak
outbreak
outbreak
outbreak
outbreak
outbreak
outbreak
outbreak
outbreak
overseas
overseas
overseas
overseas
overseas
overseas
overseas
overseas
overseas
practice
practice
practice
practice
practice
practice
practice
practice
practice
prevent
prevent
prevent
prevent
prevent
prevent
prevent
prevent
prevent
previous
previous
previous
previous
previous
previous
previous
previous
previous
proper
proper
proper
proper
proper
proper
proper
proper
proper
quoted
quoted
quoted
quoted
quoted
quoted
quoted
quoted
quoted
railway
railway
railway
railway
railway
railway
railway
railway
railway
raw
raw
raw
raw
raw
raw
raw
raw
raw
reference
reference
reference
reference
reference
reference
reference
reference
reference
secondreading
secondreading
secondreading
secondreading
secondreading
secondreading
secondreading
secondreading
secondreading
set
set
set
set
set
set
set
set
set
speak
speak
speak
speak
speak
speak
speak
speak
speak
submit
submit
submit
submit
submit
submit
submit
submit
submit
survey
survey
survey
survey
survey
survey
survey
survey
survey
ten
ten
ten
ten
ten
ten
ten
ten
ten
wrote
wrote
wrote
wrote
wrote
wrote
wrote
wrote
wrote
accepted
accepted
accepted
accepted
accepted
accepted
accepted
accepted
agreed
agreed
agreed
agreed
agreed
agreed
agreed
agreed
allowance
allowance
allowance
allowance
allowance
allowance
allowance
allowance
anxious
anxious
anxious
anxious
anxious
anxious
anxious
anxious
article
article
article
article
article
article
article
article
august
august
august
august
august
august
august
august
authority
authority
authority
authority
authority
authority
authority
authority
bring
bring
bring
bring
bring
bring
bring
bring
broadcasts
broadcasts
broadcasts
broadcasts
broadcasts
broadcasts
broadcasts
broadcasts
brought
brought
brought
brought
brought
brought
brought
brought
capable
capable
capable
capable
capable
capable
capable
capable
civilian
civilian
civilian
civilian
civilian
civilian
civilian
civilian
competitions
competitions
competitions
competitions
competitions
competitions
competitions
competitions
considered
considered
considered
considered
considered
considered
considered
considered
covered
covered
covered
covered
covered
covered
covered
covered
dealing
dealing
dealing
dealing
dealing
dealing
dealing
dealing
democracy
democracy
democracy
democracy
democracy
democracy
democracy
democracy
difficulty
difficulty
difficulty
difficulty
difficulty
difficulty
difficulty
difficulty
directory
directory
directory
directory
directory
directory
directory
directory
discussion
discussion
discussion
discussion
discussion
discussion
discussion
discussion
distribution
distribution
distribution
distribution
distribution
distribution
distribution
distribution
editor
editor
editor
editor
editor
editor
editor
editor
educational
educational
educational
educational
educational
educational
educational
educational
employment
employment
employment
employment
employment
employment
employment
employment
equipment
equipment
equipment
equipment
equipment
equipment
equipment
equipment
existing
existing
existing
existing
existing
existing
existing
existing
factory
factory
factory
factory
factory
factory
factory
factory
future
future
future
future
future
future
future
future
governing
governing
governing
governing
governing
governing
governing
governing
investigation
investigation
investigation
investigation
investigation
investigation
investigation
investigation
law
law
law
law
law
law
law
law
leader
leader
leader
leader
leader
leader
leader
leader
loan
loan
loan
loan
loan
loan
loan
loan
ministers
ministers
ministers
ministers
ministers
ministers
ministers
ministers
musical
musical
musical
musical
musical
musical
musical
musical
named
named
named
named
named
named
named
named
occasion
occasion
occasion
occasion
occasion
occasion
occasion
occasion
owing
owing
owing
owing
owing
owing
owing
owing
ownership
ownership
ownership
ownership
ownership
ownership
ownership
ownership
packed
packed
packed
packed
packed
packed
packed
packed
prepared
prepared
prepared
prepared
prepared
prepared
prepared
prepared
purpose
purpose
purpose
purpose
purpose
purpose
purpose
purpose
raised
raised
raised
raised
raised
raised
raised
raised
receive
receive
receive
receive
receive
receive
receive
receive
reports
reports
reports
reports
reports
reports
reports
reports
resolutions
resolutions
resolutions
resolutions
resolutions
resolutions
resolutions
resolutions
revolver
revolver
revolver
revolver
revolver
revolver
revolver
revolver
security
security
security
security
security
security
security
security
suggestion
suggestion
suggestion
suggestion
suggestion
suggestion
suggestion
suggestion
suppress
suppress
suppress
suppress
suppress
suppress
suppress
suppress
talk
talk
talk
talk
talk
talk
talk
talk
tenders
tenders
tenders
tenders
tenders
tenders
tenders
tenders
total
total
total
total
total
total
total
total
trade
trade
trade
trade
trade
trade
trade
trade
treatment
treatment
treatment
treatment
treatment
treatment
treatment
treatment
woman
woman
woman
woman
woman
woman
woman
woman
advice
advice
advice
advice
advice
advice
advice
albany
albany
albany
albany
albany
albany
albany
arc
arc
arc
arc
arc
arc
arc
assistant
assistant
assistant
assistant
assistant
assistant
assistant
bad
bad
bad
bad
bad
bad
bad
boards
boards
boards
boards
boards
boards
boards
bride
bride
bride
bride
bride
bride
bride
cabinet
cabinet
cabinet
cabinet
cabinet
cabinet
cabinet
carrying
carrying
carrying
carrying
carrying
carrying
carrying
city
city
city
city
city
city
city
class
class
class
class
class
class
class
clothier
clothier
clothier
clothier
clothier
clothier
clothier
commerce
commerce
commerce
commerce
commerce
commerce
commerce
complaints
complaints
complaints
complaints
complaints
complaints
complaints
contend
contend
contend
contend
contend
contend
contend
controversial
controversial
controversial
controversial
controversial
controversial
controversial
date
date
date
date
date
date
date
debate
debate
debate
debate
debate
debate
debate
degree
degree
degree
degree
degree
degree
degree
demand
demand
demand
demand
demand
demand
demand
denied
denied
denied
denied
denied
denied
denied
difficulties
difficulties
difficulties
difficulties
difficulties
difficulties
difficulties
direct
direct
direct
direct
direct
direct
direct
direction
direction
direction
direction
direction
direction
direction
directories
directories
directories
directories
directories
directories
directories
entertainment
entertainment
entertainment
entertainment
entertainment
entertainment
entertainment
feel
feel
feel
feel
feel
feel
feel
form
form
form
form
form
form
form
fuel
fuel
fuel
fuel
fuel
fuel
fuel
hear
hear
hear
hear
hear
hear
hear
hon
hon
hon
hon
hon
hon
hon
huge
huge
huge
huge
huge
huge
huge
importance
importance
importance
importance
importance
importance
importance
including
including
including
including
including
including
including
inconvenience
inconvenience
inconvenience
inconvenience
inconvenience
inconvenience
inconvenience
inform
inform
inform
inform
inform
inform
inform
investigated
investigated
investigated
investigated
investigated
investigated
investigated
items
items
items
items
items
items
items
late
late
late
late
late
late
late
launceston
launceston
launceston
launceston
launceston
launceston
launceston
left
left
left
left
left
left
left
licences
licences
licences
licences
licences
licences
licences
manufacturer
manufacturer
manufacturer
manufacturer
manufacturer
manufacturer
manufacturer
materials
materials
materials
materials
materials
materials
materials
measure
measure
measure
measure
measure
measure
measure
medium
medium
medium
medium
medium
medium
medium
mention
mention
mention
mention
mention
mention
mention
mentioned
mentioned
mentioned
mentioned
mentioned
mentioned
mentioned
necessity
necessity
necessity
necessity
necessity
necessity
necessity
object
object
object
object
object
object
object
official
official
official
official
official
official
official
personnel
personnel
personnel
personnel
personnel
personnel
personnel
possibilities
possibilities
possibilities
possibilities
possibilities
possibilities
possibilities
pounds
pounds
pounds
pounds
pounds
pounds
pounds
powers
powers
powers
powers
powers
powers
powers
privilege
privilege
privilege
privilege
privilege
privilege
privilege
purposes
purposes
purposes
purposes
purposes
purposes
purposes
reading
reading
reading
reading
reading
reading
reading
reduced
reduced
reduced
reduced
reduced
reduced
reduced
relation
relation
relation
relation
relation
relation
relation
repeat
repeat
repeat
repeat
repeat
repeat
repeat
representation
representation
representation
representation
representation
representation
representation
represented
represented
represented
represented
represented
represented
represented
savage
savage
savage
savage
savage
savage
savage
savings
savings
savings
savings
savings
savings
savings
similar
similar
similar
similar
similar
similar
similar
stage
stage
stage
stage
stage
stage
stage
supplies
supplies
supplies
supplies
supplies
supplies
supplies
surely
surely
surely
surely
surely
surely
surely
trust
trust
trust
trust
trust
trust
trust
unemployed
unemployed
unemployed
unemployed
unemployed
unemployed
unemployed
western_australian
western_australian
western_australian
western_australian
western_australian
western_australian
western_australian
words
words
words
words
words
words
words
world
world
world
world
world
world
world
abc
abc
abc
abc
abc
abc
abroad
abroad
abroad
abroad
abroad
abroad
actual
actual
actual
actual
actual
actual
additional
additional
additional
additional
additional
additional
annexe
annexe
annexe
annexe
annexe
annexe
applied
applied
applied
applied
applied
applied
appointments
appointments
appointments
appointments
appointments
appointments
artists
artists
artists
artists
artists
artists
association
association
association
association
association
association
assure
assure
assure
assure
assure
assure
australasian
australasian
australasian
australasian
australasian
australasian
aware
aware
aware
aware
aware
aware
beginning
beginning
beginning
beginning
beginning
beginning
benefit
benefit
benefit
benefit
benefit
benefit
canberra
canberra
canberra
canberra
canberra
canberra
carried
carried
carried
carried
carried
carried
carry
carry
carry
carry
carry
carry
charge
charge
charge
charge
charge
charge
claim
claim
claim
claim
claim
claim
compensation
compensation
compensation
compensation
compensation
compensation
condition
condition
condition
condition
condition
condition
conduct
conduct
conduct
conduct
conduct
conduct
contribution
contribution
contribution
contribution
contribution
contribution
correct
correct
correct
correct
correct
correct
countries
countries
countries
countries
countries
countries
days
days
days
days
days
days
elections
elections
elections
elections
elections
elections
empire
empire
empire
empire
empire
empire
endeavour
endeavour
endeavour
endeavour
endeavour
endeavour
ensure
ensure
ensure
ensure
ensure
ensure
essential
essential
essential
essential
essential
essential
expected
expected
expected
expected
expected
expected
experts
experts
experts
experts
experts
experts
extent
extent
extent
extent
extent
extent
fair
fair
fair
fair
fair
fair
fees
fees
fees
fees
fees
fees
fight
fight
fight
fight
fight
fight
financing
financing
financing
financing
financing
financing
fit
fit
fit
fit
fit
fit
geraldton
geraldton
geraldton
geraldton
geraldton
geraldton
germany
germany
germany
germany
germany
germany
giving
giving
giving
giving
giving
giving
interjection
interjection
interjection
interjection
interjection
interjection
involved
involved
involved
involved
involved
involved
jackets
jackets
jackets
jackets
jackets
jackets
laws
laws
laws
laws
laws
laws
lb
lb
lb
lb
lb
lb
leave
leave
leave
leave
leave
leave
liberty
liberty
liberty
liberty
liberty
liberty
listening
listening
listening
listening
listening
listening
lower
lower
lower
lower
lower
lower
machine
machine
machine
machine
machine
machine
main
main
main
main
main
main
mcgibbon
mcgibbon
mcgibbon
mcgibbon
mcgibbon
mcgibbon
ment
ment
ment
ment
ment
ment
mind
mind
mind
mind
mind
mind
newspaper
newspaper
newspaper
newspaper
newspaper
newspaper
nominee
nominee
nominee
nominee
nominee
nominee
obtained
obtained
obtained
obtained
obtained
obtained
offer
offer
offer
offer
offer
offer
organization
organization
organization
organization
organization
organization
paper
paper
paper
paper
paper
paper
passed
passed
passed
passed
passed
passed
passing
passing
passing
passing
passing
passing
performing
performing
performing
performing
performing
performing
perth
perth
perth
perth
perth
perth
plant
plant
plant
plant
plant
plant
possibly
possibly
possibly
possibly
possibly
possibly
practically
practically
practically
practically
practically
practically
producing
producing
producing
producing
producing
producing
profit
profit
profit
profit
profit
profit
proposal
proposal
proposal
proposal
proposal
proposal
proprietary
proprietary
proprietary
proprietary
proprietary
proprietary
protection
protection
protection
protection
protection
protection
provide
provide
provide
provide
provide
provide
quantities
quantities
quantities
quantities
quantities
quantities
registered
registered
registered
registered
registered
registered
remain
remain
remain
remain
remain
remain
responsibility
responsibility
responsibility
responsibility
responsibility
responsibility
saving
saving
saving
saving
saving
saving
school
school
school
school
school
school
september
september
september
september
september
september
shortage
shortage
shortage
shortage
shortage
shortage
shown
shown
shown
shown
shown
shown
speaking
speaking
speaking
speaking
speaking
speaking
special
special
special
special
special
special
steel
steel
steel
steel
steel
steel
strongly
strongly
strongly
strongly
strongly
strongly
subjects
subjects
subjects
subjects
subjects
subjects
subscribers
subscribers
subscribers
subscribers
subscribers
subscribers
substantial
substantial
substantial
substantial
substantial
substantial
talks
talks
talks
talks
talks
talks
tender
tender
tender
tender
tender
tender
tobacco
tobacco
tobacco
tobacco
tobacco
tobacco
trades
trades
trades
trades
trades
trades
tradesmen
tradesmen
tradesmen
tradesmen
tradesmen
tradesmen
training
training
training
training
training
training
twelve
twelve
twelve
twelve
twelve
twelve
urge
urge
urge
urge
urge
urge
urgent
urgent
urgent
urgent
urgent
urgent
victorian
victorian
victorian
victorian
victorian
victorian
wonderful
wonderful
wonderful
wonderful
wonderful
wonderful
