word
regulation
regulation
regulation
regulation
regulation
regulation
regulation
regulation
regulation
regulation
regulation
regulation
regulation
regulation
regulation
regulation
regulation
regulation
regulation
regulation
regulation
regulation
regulation
regulation
regulation
regulation
regulation
regulation
regulation
regulation
regulation
regulation
regulation
regulation
regulation
regulation
regulation
regulation
regulation
regulation
regulation
regulation
regulation
regulation
regulation
regulation
regulation
regulation
regulation
regulation
regulation
regulation
regulation
regulation
regulation
regulation
regulation
regulation
regulation
regulation
regulation
regulation
regulation
regulation
regulation
regulation
regulation
regulation
regulation
regulation
regulation
regulation
regulation
regulation
regulation
regulation
regulation
regulation
regulation
regulation
regulation
regulation
regulation
regulation
regulation
regulation
regulation
regulation
regulation
regulation
regulation
regulation
regulation
regulation
regulation
regulation
regulation
regulation
regulation
regulation
regulation
regulation
regulation
regulation
regulation
regulation
regulation
regulation
regulation
regulation
regulation
regulation
regulation
regulation
regulation
regulation
regulation
regulation
regulation
regulation
regulation
regulation
regulation
regulation
regulation
regulation
regulation
regulation
regulation
regulation
regulation
regulation
regulation
regulation
regulation
regulation
regulation
regulation
regulation
regulation
regulation
regulation
regulation
regulation
regulation
regulation
regulation
regulation
regulation
regulation
regulation
regulation
regulation
regulation
regulation
regulation
regulation
regulation
regulation
regulation
regulation
regulation
company
company
company
company
company
company
company
company
company
company
company
company
company
company
company
company
company
company
company
company
company
company
company
company
company
company
company
company
company
company
company
company
company
company
company
company
company
company
company
company
company
company
company
company
company
company
company
company
company
company
company
company
company
company
company
company
company
company
company
company
company
company
company
company
company
company
company
company
company
company
company
company
company
company
company
company
company
company
company
company
company
company
company
company
company
company
company
company
company
company
company
company
company
company
company
company
company
company
company
company
company
company
company
company
company
company
company
company
company
company
company
company
company
company
company
company
company
company
company
company
company
company
company
company
company
company
company
company
company
company
company
ipec
ipec
ipec
ipec
ipec
ipec
ipec
ipec
ipec
ipec
ipec
ipec
ipec
ipec
ipec
ipec
ipec
ipec
ipec
ipec
ipec
ipec
ipec
ipec
ipec
ipec
ipec
ipec
ipec
ipec
ipec
ipec
ipec
ipec
ipec
ipec
ipec
ipec
ipec
ipec
ipec
ipec
ipec
ipec
ipec
ipec
ipec
ipec
ipec
ipec
ipec
ipec
ipec
ipec
ipec
ipec
ipec
ipec
ipec
ipec
ipec
ipec
ipec
ipec
ipec
ipec
ipec
ipec
ipec
ipec
ipec
ipec
ipec
ipec
ipec
ipec
ipec
ipec
ipec
ipec
ipec
ipec
ipec
ipec
ipec
ipec
ipec
ipec
ipec
ipec
ipec
ipec
ipec
ipec
ipec
ipec
ipec
ipec
ipec
ipec
ipec
ipec
ipec
ipec
ipec
ipec
ipec
ipec
ipec
ipec
ipec
ipec
ipec
ipec
ipec
ipec
ipec
ipec
ipec
ipec
ipec
ipec
ipec
ipec
ipec
ipec
ipec
ipec
ipec
ipec
ipec
regulations
regulations
regulations
regulations
regulations
regulations
regulations
regulations
regulations
regulations
regulations
regulations
regulations
regulations
regulations
regulations
regulations
regulations
regulations
regulations
regulations
regulations
regulations
regulations
regulations
regulations
regulations
regulations
regulations
regulations
regulations
regulations
regulations
regulations
regulations
regulations
regulations
regulations
regulations
regulations
regulations
regulations
regulations
regulations
regulations
regulations
regulations
regulations
regulations
regulations
regulations
regulations
regulations
regulations
regulations
regulations
regulations
regulations
regulations
regulations
regulations
regulations
regulations
regulations
regulations
regulations
regulations
regulations
regulations
regulations
regulations
regulations
regulations
regulations
regulations
regulations
regulations
regulations
regulations
regulations
regulations
regulations
regulations
regulations
regulations
regulations
regulations
regulations
regulations
regulations
regulations
regulations
regulations
regulations
regulations
regulations
regulations
regulations
regulations
regulations
regulations
regulations
regulations
regulations
regulations
regulations
regulations
regulations
regulations
regulations
regulations
regulations
regulations
regulations
regulations
regulations
regulations
regulations
regulations
regulations
regulations
regulations
regulations
regulations
regulations
regulations
regulations
regulations
regulations
regulations
regulations
matter
matter
matter
matter
matter
matter
matter
matter
matter
matter
matter
matter
matter
matter
matter
matter
matter
matter
matter
matter
matter
matter
matter
matter
matter
matter
matter
matter
matter
matter
matter
matter
matter
matter
matter
matter
matter
matter
matter
matter
matter
matter
matter
matter
matter
matter
matter
matter
matter
matter
matter
matter
matter
matter
matter
matter
matter
matter
matter
matter
matter
matter
matter
matter
matter
matter
matter
matter
matter
matter
matter
matter
matter
matter
matter
matter
matter
matter
matter
matter
matter
matter
matter
matter
matter
matter
matter
matter
matter
matter
matter
matter
matter
matter
matter
matter
matter
matter
matter
matter
matter
matter
matter
matter
matter
matter
matter
matter
matter
matter
matter
matter
matter
matter
matter
matter
matter
matter
matter
matter
matter
matter
matter
law
law
law
law
law
law
law
law
law
law
law
law
law
law
law
law
law
law
law
law
law
law
law
law
law
law
law
law
law
law
law
law
law
law
law
law
law
law
law
law
law
law
law
law
law
law
law
law
law
law
law
law
law
law
law
law
law
law
law
law
law
law
law
law
law
law
law
law
law
law
law
law
law
law
law
law
law
law
law
law
law
law
law
law
law
law
law
law
law
law
law
law
law
law
law
law
law
law
law
law
law
law
law
law
law
law
law
law
senate
senate
senate
senate
senate
senate
senate
senate
senate
senate
senate
senate
senate
senate
senate
senate
senate
senate
senate
senate
senate
senate
senate
senate
senate
senate
senate
senate
senate
senate
senate
senate
senate
senate
senate
senate
senate
senate
senate
senate
senate
senate
senate
senate
senate
senate
senate
senate
senate
senate
senate
senate
senate
senate
senate
senate
senate
senate
senate
senate
senate
senate
senate
senate
senate
senate
senate
senate
senate
senate
senate
senate
senate
senate
senate
senate
senate
senate
senate
senate
senate
senate
senate
senate
senate
senate
senate
senate
senate
senate
senate
senate
senate
senate
senate
senate
senate
senate
senate
senate
senate
senate
senate
senate
senate
aircraft
aircraft
aircraft
aircraft
aircraft
aircraft
aircraft
aircraft
aircraft
aircraft
aircraft
aircraft
aircraft
aircraft
aircraft
aircraft
aircraft
aircraft
aircraft
aircraft
aircraft
aircraft
aircraft
aircraft
aircraft
aircraft
aircraft
aircraft
aircraft
aircraft
aircraft
aircraft
aircraft
aircraft
aircraft
aircraft
aircraft
aircraft
aircraft
aircraft
aircraft
aircraft
aircraft
aircraft
aircraft
aircraft
aircraft
aircraft
aircraft
aircraft
aircraft
aircraft
aircraft
aircraft
aircraft
aircraft
aircraft
aircraft
aircraft
aircraft
aircraft
aircraft
aircraft
aircraft
aircraft
aircraft
aircraft
aircraft
aircraft
aircraft
aircraft
aircraft
aircraft
aircraft
aircraft
aircraft
aircraft
aircraft
aircraft
aircraft
aircraft
aircraft
aircraft
aircraft
aircraft
aircraft
aircraft
aircraft
aircraft
aircraft
aircraft
aircraft
aircraft
aircraft
aircraft
aircraft
aircraft
aircraft
aircraft
directorgeneral
directorgeneral
directorgeneral
directorgeneral
directorgeneral
directorgeneral
directorgeneral
directorgeneral
directorgeneral
directorgeneral
directorgeneral
directorgeneral
directorgeneral
directorgeneral
directorgeneral
directorgeneral
directorgeneral
directorgeneral
directorgeneral
directorgeneral
directorgeneral
directorgeneral
directorgeneral
directorgeneral
directorgeneral
directorgeneral
directorgeneral
directorgeneral
directorgeneral
directorgeneral
directorgeneral
directorgeneral
directorgeneral
directorgeneral
directorgeneral
directorgeneral
directorgeneral
directorgeneral
directorgeneral
directorgeneral
directorgeneral
directorgeneral
directorgeneral
directorgeneral
directorgeneral
directorgeneral
directorgeneral
directorgeneral
directorgeneral
directorgeneral
directorgeneral
directorgeneral
directorgeneral
directorgeneral
directorgeneral
directorgeneral
directorgeneral
directorgeneral
directorgeneral
directorgeneral
directorgeneral
directorgeneral
directorgeneral
directorgeneral
directorgeneral
directorgeneral
directorgeneral
directorgeneral
directorgeneral
directorgeneral
directorgeneral
directorgeneral
directorgeneral
directorgeneral
directorgeneral
directorgeneral
directorgeneral
directorgeneral
directorgeneral
directorgeneral
directorgeneral
directorgeneral
directorgeneral
directorgeneral
directorgeneral
directorgeneral
directorgeneral
directorgeneral
directorgeneral
directorgeneral
directorgeneral
directorgeneral
directorgeneral
directorgeneral
civil
civil
civil
civil
civil
civil
civil
civil
civil
civil
civil
civil
civil
civil
civil
civil
civil
civil
civil
civil
civil
civil
civil
civil
civil
civil
civil
civil
civil
civil
civil
civil
civil
civil
civil
civil
civil
civil
civil
civil
civil
civil
civil
civil
civil
civil
civil
civil
civil
civil
civil
civil
civil
civil
civil
civil
civil
civil
civil
civil
civil
civil
civil
civil
civil
civil
civil
civil
civil
civil
civil
civil
civil
civil
civil
civil
civil
civil
civil
civil
civil
civil
civil
civil
civil
civil
civil
civil
civil
civil
civil
civil
civil
aviation
aviation
aviation
aviation
aviation
aviation
aviation
aviation
aviation
aviation
aviation
aviation
aviation
aviation
aviation
aviation
aviation
aviation
aviation
aviation
aviation
aviation
aviation
aviation
aviation
aviation
aviation
aviation
aviation
aviation
aviation
aviation
aviation
aviation
aviation
aviation
aviation
aviation
aviation
aviation
aviation
aviation
aviation
aviation
aviation
aviation
aviation
aviation
aviation
aviation
aviation
aviation
aviation
aviation
aviation
aviation
aviation
aviation
aviation
aviation
aviation
aviation
aviation
aviation
aviation
aviation
aviation
aviation
aviation
aviation
aviation
aviation
aviation
aviation
aviation
aviation
aviation
aviation
aviation
aviation
aviation
aviation
aviation
aviation
aviation
aviation
aviation
aviation
aviation
aviation
aviation
aviation
time
time
time
time
time
time
time
time
time
time
time
time
time
time
time
time
time
time
time
time
time
time
time
time
time
time
time
time
time
time
time
time
time
time
time
time
time
time
time
time
time
time
time
time
time
time
time
time
time
time
time
time
time
time
time
time
time
time
time
time
time
time
time
time
time
time
time
time
time
time
time
time
time
time
time
time
time
time
time
time
time
time
time
time
time
time
time
time
application
application
application
application
application
application
application
application
application
application
application
application
application
application
application
application
application
application
application
application
application
application
application
application
application
application
application
application
application
application
application
application
application
application
application
application
application
application
application
application
application
application
application
application
application
application
application
application
application
application
application
application
application
application
application
application
application
application
application
application
application
application
application
application
application
application
application
application
application
application
application
application
application
application
application
application
application
application
application
application
application
privy_council
privy_council
privy_council
privy_council
privy_council
privy_council
privy_council
privy_council
privy_council
privy_council
privy_council
privy_council
privy_council
privy_council
privy_council
privy_council
privy_council
privy_council
privy_council
privy_council
privy_council
privy_council
privy_council
privy_council
privy_council
privy_council
privy_council
privy_council
privy_council
privy_council
privy_council
privy_council
privy_council
privy_council
privy_council
privy_council
privy_council
privy_council
privy_council
privy_council
privy_council
privy_council
privy_council
privy_council
privy_council
privy_council
privy_council
privy_council
privy_council
privy_council
privy_council
privy_council
privy_council
privy_council
privy_council
privy_council
privy_council
privy_council
privy_council
privy_council
privy_council
privy_council
privy_council
privy_council
privy_council
privy_council
privy_council
privy_council
privy_council
privy_council
privy_council
privy_council
privy_council
privy_council
privy_council
privy_council
privy_council
privy_council
privy_council
privy_council
privy_council
power
power
power
power
power
power
power
power
power
power
power
power
power
power
power
power
power
power
power
power
power
power
power
power
power
power
power
power
power
power
power
power
power
power
power
power
power
power
power
power
power
power
power
power
power
power
power
power
power
power
power
power
power
power
power
power
power
power
power
power
power
power
power
power
power
power
power
power
power
power
power
power
power
power
power
power
decision
decision
decision
decision
decision
decision
decision
decision
decision
decision
decision
decision
decision
decision
decision
decision
decision
decision
decision
decision
decision
decision
decision
decision
decision
decision
decision
decision
decision
decision
decision
decision
decision
decision
decision
decision
decision
decision
decision
decision
decision
decision
decision
decision
decision
decision
decision
decision
decision
decision
decision
decision
decision
decision
decision
decision
decision
decision
decision
decision
decision
decision
decision
decision
decision
decision
decision
decision
decision
decision
policy
policy
policy
policy
policy
policy
policy
policy
policy
policy
policy
policy
policy
policy
policy
policy
policy
policy
policy
policy
policy
policy
policy
policy
policy
policy
policy
policy
policy
policy
policy
policy
policy
policy
policy
policy
policy
policy
policy
policy
policy
policy
policy
policy
policy
policy
policy
policy
policy
policy
policy
policy
policy
policy
policy
policy
policy
policy
policy
policy
policy
question
question
question
question
question
question
question
question
question
question
question
question
question
question
question
question
question
question
question
question
question
question
question
question
question
question
question
question
question
question
question
question
question
question
question
question
question
question
question
question
question
question
question
question
question
question
question
question
question
question
question
question
question
question
question
question
question
question
question
high_court
high_court
high_court
high_court
high_court
high_court
high_court
high_court
high_court
high_court
high_court
high_court
high_court
high_court
high_court
high_court
high_court
high_court
high_court
high_court
high_court
high_court
high_court
high_court
high_court
high_court
high_court
high_court
high_court
high_court
high_court
high_court
high_court
high_court
high_court
high_court
high_court
high_court
high_court
high_court
high_court
high_court
high_court
high_court
high_court
high_court
high_court
high_court
high_court
high_court
high_court
high_court
high_court
high_court
high_court
high_court
parliament
parliament
parliament
parliament
parliament
parliament
parliament
parliament
parliament
parliament
parliament
parliament
parliament
parliament
parliament
parliament
parliament
parliament
parliament
parliament
parliament
parliament
parliament
parliament
parliament
parliament
parliament
parliament
parliament
parliament
parliament
parliament
parliament
parliament
parliament
parliament
parliament
parliament
parliament
parliament
parliament
parliament
parliament
parliament
parliament
parliament
parliament
parliament
parliament
parliament
parliament
parliament
parliament
parliament
parliament
import
import
import
import
import
import
import
import
import
import
import
import
import
import
import
import
import
import
import
import
import
import
import
import
import
import
import
import
import
import
import
import
import
import
import
import
import
import
import
import
import
import
import
import
import
import
import
import
import
import
import
import
import
import
july
july
july
july
july
july
july
july
july
july
july
july
july
july
july
july
july
july
july
july
july
july
july
july
july
july
july
july
july
july
july
july
july
july
july
july
july
july
july
july
july
july
july
july
july
july
july
july
july
july
july
appeal
appeal
appeal
appeal
appeal
appeal
appeal
appeal
appeal
appeal
appeal
appeal
appeal
appeal
appeal
appeal
appeal
appeal
appeal
appeal
appeal
appeal
appeal
appeal
appeal
appeal
appeal
appeal
appeal
appeal
appeal
appeal
appeal
appeal
appeal
appeal
appeal
appeal
appeal
appeal
appeal
appeal
appeal
appeal
appeal
appeal
appeal
appeal
appeal
appeal
action
action
action
action
action
action
action
action
action
action
action
action
action
action
action
action
action
action
action
action
action
action
action
action
action
action
action
action
action
action
action
action
action
action
action
action
action
action
action
action
action
action
action
action
action
action
action
action
permission
permission
permission
permission
permission
permission
permission
permission
permission
permission
permission
permission
permission
permission
permission
permission
permission
permission
permission
permission
permission
permission
permission
permission
permission
permission
permission
permission
permission
permission
permission
permission
permission
permission
permission
permission
permission
permission
permission
permission
permission
permission
permission
permission
permission
permission
senators
senators
senators
senators
senators
senators
senators
senators
senators
senators
senators
senators
senators
senators
senators
senators
senators
senators
senators
senators
senators
senators
senators
senators
senators
senators
senators
senators
senators
senators
senators
senators
senators
senators
senators
senators
senators
senators
senators
senators
senators
senators
senators
senators
senators
senators
department
department
department
department
department
department
department
department
department
department
department
department
department
department
department
department
department
department
department
department
department
department
department
department
department
department
department
department
department
department
department
department
department
department
department
department
department
department
department
department
department
department
department
licence
licence
licence
licence
licence
licence
licence
licence
licence
licence
licence
licence
licence
licence
licence
licence
licence
licence
licence
licence
licence
licence
licence
licence
licence
licence
licence
licence
licence
licence
licence
licence
licence
licence
licence
licence
licence
licence
licence
licence
position
position
position
position
position
position
position
position
position
position
position
position
position
position
position
position
position
position
position
position
position
position
position
position
position
position
position
position
position
position
position
position
position
position
position
position
position
position
position
london
london
london
london
london
london
london
london
london
london
london
london
london
london
london
london
london
london
london
london
london
london
london
london
london
london
london
london
london
london
london
london
london
london
london
london
london
london
hearing
hearing
hearing
hearing
hearing
hearing
hearing
hearing
hearing
hearing
hearing
hearing
hearing
hearing
hearing
hearing
hearing
hearing
hearing
hearing
hearing
hearing
hearing
hearing
hearing
hearing
hearing
hearing
hearing
hearing
hearing
hearing
hearing
hearing
hearing
hearing
injustice
injustice
injustice
injustice
injustice
injustice
injustice
injustice
injustice
injustice
injustice
injustice
injustice
injustice
injustice
injustice
injustice
injustice
injustice
injustice
injustice
injustice
injustice
injustice
injustice
injustice
injustice
injustice
injustice
injustice
injustice
injustice
injustice
injustice
injustice
injustice
henty
henty
henty
henty
henty
henty
henty
henty
henty
henty
henty
henty
henty
henty
henty
henty
henty
henty
henty
henty
henty
henty
henty
henty
henty
henty
henty
henty
henty
henty
henty
henty
henty
henty
henty
mckenna
mckenna
mckenna
mckenna
mckenna
mckenna
mckenna
mckenna
mckenna
mckenna
mckenna
mckenna
mckenna
mckenna
mckenna
mckenna
mckenna
mckenna
mckenna
mckenna
mckenna
mckenna
mckenna
mckenna
mckenna
mckenna
mckenna
mckenna
mckenna
mckenna
mckenna
mckenna
mckenna
mckenna
mckenna
responsibility
responsibility
responsibility
responsibility
responsibility
responsibility
responsibility
responsibility
responsibility
responsibility
responsibility
responsibility
responsibility
responsibility
responsibility
responsibility
responsibility
responsibility
responsibility
responsibility
responsibility
responsibility
responsibility
responsibility
responsibility
responsibility
responsibility
responsibility
responsibility
responsibility
responsibility
responsibility
responsibility
responsibility
responsibility
service
service
service
service
service
service
service
service
service
service
service
service
service
service
service
service
service
service
service
service
service
service
service
service
service
service
service
service
service
service
service
service
service
service
view
view
view
view
view
view
view
view
view
view
view
view
view
view
view
view
view
view
view
view
view
view
view
view
view
view
view
view
view
view
view
view
view
debate
debate
debate
debate
debate
debate
debate
debate
debate
debate
debate
debate
debate
debate
debate
debate
debate
debate
debate
debate
debate
debate
debate
debate
debate
debate
debate
debate
debate
debate
debate
debate
governments
governments
governments
governments
governments
governments
governments
governments
governments
governments
governments
governments
governments
governments
governments
governments
governments
governments
governments
governments
governments
governments
governments
governments
governments
governments
governments
governments
governments
governments
governments
told
told
told
told
told
told
told
told
told
told
told
told
told
told
told
told
told
told
told
told
told
told
told
told
told
told
told
told
told
told
companys
companys
companys
companys
companys
companys
companys
companys
companys
companys
companys
companys
companys
companys
companys
companys
companys
companys
companys
companys
companys
companys
companys
companys
companys
companys
companys
companys
companys
judgment
judgment
judgment
judgment
judgment
judgment
judgment
judgment
judgment
judgment
judgment
judgment
judgment
judgment
judgment
judgment
judgment
judgment
judgment
judgment
judgment
judgment
judgment
judgment
judgment
judgment
judgment
judgment
judgment
authority
authority
authority
authority
authority
authority
authority
authority
authority
authority
authority
authority
authority
authority
authority
authority
authority
authority
authority
authority
authority
authority
authority
authority
authority
authority
authority
authority
air
air
air
air
air
air
air
air
air
air
air
air
air
air
air
air
air
air
air
air
air
air
air
air
air
air
air
business
business
business
business
business
business
business
business
business
business
business
business
business
business
business
business
business
business
business
business
business
business
business
business
business
business
business
counsel
counsel
counsel
counsel
counsel
counsel
counsel
counsel
counsel
counsel
counsel
counsel
counsel
counsel
counsel
counsel
counsel
counsel
counsel
counsel
counsel
counsel
counsel
counsel
counsel
counsel
counsel
court
court
court
court
court
court
court
court
court
court
court
court
court
court
court
court
court
court
court
court
court
court
court
court
court
court
court
customs
customs
customs
customs
customs
customs
customs
customs
customs
customs
customs
customs
customs
customs
customs
customs
customs
customs
customs
customs
customs
customs
customs
customs
customs
customs
customs
months
months
months
months
months
months
months
months
months
months
months
months
months
months
months
months
months
months
months
months
months
months
months
months
months
months
months
director
director
director
director
director
director
director
director
director
director
director
director
director
director
director
director
director
director
director
director
director
director
director
director
director
director
matters
matters
matters
matters
matters
matters
matters
matters
matters
matters
matters
matters
matters
matters
matters
matters
matters
matters
matters
matters
matters
matters
matters
matters
matters
matters
involved
involved
involved
involved
involved
involved
involved
involved
involved
involved
involved
involved
involved
involved
involved
involved
involved
involved
involved
involved
involved
involved
involved
involved
involved
issue
issue
issue
issue
issue
issue
issue
issue
issue
issue
issue
issue
issue
issue
issue
issue
issue
issue
issue
issue
issue
issue
issue
issue
issue
ministers
ministers
ministers
ministers
ministers
ministers
ministers
ministers
ministers
ministers
ministers
ministers
ministers
ministers
ministers
ministers
ministers
ministers
ministers
ministers
ministers
ministers
ministers
ministers
ministers
disallow
disallow
disallow
disallow
disallow
disallow
disallow
disallow
disallow
disallow
disallow
disallow
disallow
disallow
disallow
disallow
disallow
disallow
disallow
disallow
disallow
disallow
disallow
disallow
refer
refer
refer
refer
refer
refer
refer
refer
refer
refer
refer
refer
refer
refer
refer
refer
refer
refer
refer
refer
refer
refer
refer
refer
report
report
report
report
report
report
report
report
report
report
report
report
report
report
report
report
report
report
report
report
report
report
report
report
alteration
alteration
alteration
alteration
alteration
alteration
alteration
alteration
alteration
alteration
alteration
alteration
alteration
alteration
alteration
alteration
alteration
alteration
alteration
alteration
alteration
alteration
alteration
concerned
concerned
concerned
concerned
concerned
concerned
concerned
concerned
concerned
concerned
concerned
concerned
concerned
concerned
concerned
concerned
concerned
concerned
concerned
concerned
concerned
concerned
concerned
form
form
form
form
form
form
form
form
form
form
form
form
form
form
form
form
form
form
form
form
form
form
form
responsible
responsible
responsible
responsible
responsible
responsible
responsible
responsible
responsible
responsible
responsible
responsible
responsible
responsible
responsible
responsible
responsible
responsible
responsible
responsible
responsible
responsible
responsible
freight
freight
freight
freight
freight
freight
freight
freight
freight
freight
freight
freight
freight
freight
freight
freight
freight
freight
freight
freight
freight
freight
heard
heard
heard
heard
heard
heard
heard
heard
heard
heard
heard
heard
heard
heard
heard
heard
heard
heard
heard
heard
heard
heard
principle
principle
principle
principle
principle
principle
principle
principle
principle
principle
principle
principle
principle
principle
principle
principle
principle
principle
principle
principle
principle
principle
public
public
public
public
public
public
public
public
public
public
public
public
public
public
public
public
public
public
public
public
public
public
legal
legal
legal
legal
legal
legal
legal
legal
legal
legal
legal
legal
legal
legal
legal
legal
legal
legal
legal
legal
legal
president
president
president
president
president
president
president
president
president
president
president
president
president
president
president
president
president
president
president
president
president
pty
pty
pty
pty
pty
pty
pty
pty
pty
pty
pty
pty
pty
pty
pty
pty
pty
pty
pty
pty
pty
answer
answer
answer
answer
answer
answer
answer
answer
answer
answer
answer
answer
answer
answer
answer
answer
answer
answer
answer
answer
committee
committee
committee
committee
committee
committee
committee
committee
committee
committee
committee
committee
committee
committee
committee
committee
committee
committee
committee
committee
deal
deal
deal
deal
deal
deal
deal
deal
deal
deal
deal
deal
deal
deal
deal
deal
deal
deal
deal
deal
effect
effect
effect
effect
effect
effect
effect
effect
effect
effect
effect
effect
effect
effect
effect
effect
effect
effect
effect
effect
hope
hope
hope
hope
hope
hope
hope
hope
hope
hope
hope
hope
hope
hope
hope
hope
hope
hope
hope
hope
read
read
read
read
read
read
read
read
read
read
read
read
read
read
read
read
read
read
read
read
refused
refused
refused
refused
refused
refused
refused
refused
refused
refused
refused
refused
refused
refused
refused
refused
refused
refused
refused
refused
altered
altered
altered
altered
altered
altered
altered
altered
altered
altered
altered
altered
altered
altered
altered
altered
altered
altered
altered
chamber
chamber
chamber
chamber
chamber
chamber
chamber
chamber
chamber
chamber
chamber
chamber
chamber
chamber
chamber
chamber
chamber
chamber
chamber
december
december
december
december
december
december
december
december
december
december
december
december
december
december
december
december
december
december
december
imports
imports
imports
imports
imports
imports
imports
imports
imports
imports
imports
imports
imports
imports
imports
imports
imports
imports
imports
june
june
june
june
june
june
june
june
june
june
june
june
june
june
june
june
june
june
june
leader
leader
leader
leader
leader
leader
leader
leader
leader
leader
leader
leader
leader
leader
leader
leader
leader
leader
leader
letter
letter
letter
letter
letter
letter
letter
letter
letter
letter
letter
letter
letter
letter
letter
letter
letter
letter
letter
purpose
purpose
purpose
purpose
purpose
purpose
purpose
purpose
purpose
purpose
purpose
purpose
purpose
purpose
purpose
purpose
purpose
purpose
purpose
words
words
words
words
words
words
words
words
words
words
words
words
words
words
words
words
words
words
words
circumstances
circumstances
circumstances
circumstances
circumstances
circumstances
circumstances
circumstances
circumstances
circumstances
circumstances
circumstances
circumstances
circumstances
circumstances
circumstances
circumstances
circumstances
date
date
date
date
date
date
date
date
date
date
date
date
date
date
date
date
date
date
dc
dc
dc
dc
dc
dc
dc
dc
dc
dc
dc
dc
dc
dc
dc
dc
dc
dc
justice
justice
justice
justice
justice
justice
justice
justice
justice
justice
justice
justice
justice
justice
justice
justice
justice
justice
mind
mind
mind
mind
mind
mind
mind
mind
mind
mind
mind
mind
mind
mind
mind
mind
mind
mind
ministerial
ministerial
ministerial
ministerial
ministerial
ministerial
ministerial
ministerial
ministerial
ministerial
ministerial
ministerial
ministerial
ministerial
ministerial
ministerial
ministerial
ministerial
powers
powers
powers
powers
powers
powers
powers
powers
powers
powers
powers
powers
powers
powers
powers
powers
powers
powers
rights
rights
rights
rights
rights
rights
rights
rights
rights
rights
rights
rights
rights
rights
rights
rights
rights
rights
statement
statement
statement
statement
statement
statement
statement
statement
statement
statement
statement
statement
statement
statement
statement
statement
statement
statement
attorneygeneral
attorneygeneral
attorneygeneral
attorneygeneral
attorneygeneral
attorneygeneral
attorneygeneral
attorneygeneral
attorneygeneral
attorneygeneral
attorneygeneral
attorneygeneral
attorneygeneral
attorneygeneral
attorneygeneral
attorneygeneral
attorneygeneral
completely
completely
completely
completely
completely
completely
completely
completely
completely
completely
completely
completely
completely
completely
completely
completely
completely
days
days
days
days
days
days
days
days
days
days
days
days
days
days
days
days
days
desirable
desirable
desirable
desirable
desirable
desirable
desirable
desirable
desirable
desirable
desirable
desirable
desirable
desirable
desirable
desirable
desirable
disallowance
disallowance
disallowance
disallowance
disallowance
disallowance
disallowance
disallowance
disallowance
disallowance
disallowance
disallowance
disallowance
disallowance
disallowance
disallowance
disallowance
interstate
interstate
interstate
interstate
interstate
interstate
interstate
interstate
interstate
interstate
interstate
interstate
interstate
interstate
interstate
interstate
interstate
ipecs
ipecs
ipecs
ipecs
ipecs
ipecs
ipecs
ipecs
ipecs
ipecs
ipecs
ipecs
ipecs
ipecs
ipecs
ipecs
ipecs
pending
pending
pending
pending
pending
pending
pending
pending
pending
pending
pending
pending
pending
pending
pending
pending
pending
reply
reply
reply
reply
reply
reply
reply
reply
reply
reply
reply
reply
reply
reply
reply
reply
reply
solicitorgeneral
solicitorgeneral
solicitorgeneral
solicitorgeneral
solicitorgeneral
solicitorgeneral
solicitorgeneral
solicitorgeneral
solicitorgeneral
solicitorgeneral
solicitorgeneral
solicitorgeneral
solicitorgeneral
solicitorgeneral
solicitorgeneral
solicitorgeneral
solicitorgeneral
applications
applications
applications
applications
applications
applications
applications
applications
applications
applications
applications
applications
applications
applications
applications
applications
argument
argument
argument
argument
argument
argument
argument
argument
argument
argument
argument
argument
argument
argument
argument
argument
change
change
change
change
change
change
change
change
change
change
change
change
change
change
change
change
commission
commission
commission
commission
commission
commission
commission
commission
commission
commission
commission
commission
commission
commission
commission
commission
consideration
consideration
consideration
consideration
consideration
consideration
consideration
consideration
consideration
consideration
consideration
consideration
consideration
consideration
consideration
consideration
considered
considered
considered
considered
considered
considered
considered
considered
considered
considered
considered
considered
considered
considered
considered
considered
defeat
defeat
defeat
defeat
defeat
defeat
defeat
defeat
defeat
defeat
defeat
defeat
defeat
defeat
defeat
defeat
directed
directed
directed
directed
directed
directed
directed
directed
directed
directed
directed
directed
directed
directed
directed
directed
judges
judges
judges
judges
judges
judges
judges
judges
judges
judges
judges
judges
judges
judges
judges
judges
prepared
prepared
prepared
prepared
prepared
prepared
prepared
prepared
prepared
prepared
prepared
prepared
prepared
prepared
prepared
prepared
prohibited
prohibited
prohibited
prohibited
prohibited
prohibited
prohibited
prohibited
prohibited
prohibited
prohibited
prohibited
prohibited
prohibited
prohibited
prohibited
reasons
reasons
reasons
reasons
reasons
reasons
reasons
reasons
reasons
reasons
reasons
reasons
reasons
reasons
reasons
reasons
brought
brought
brought
brought
brought
brought
brought
brought
brought
brought
brought
brought
brought
brought
brought
country
country
country
country
country
country
country
country
country
country
country
country
country
country
country
disallowed
disallowed
disallowed
disallowed
disallowed
disallowed
disallowed
disallowed
disallowed
disallowed
disallowed
disallowed
disallowed
disallowed
disallowed
grounds
grounds
grounds
grounds
grounds
grounds
grounds
grounds
grounds
grounds
grounds
grounds
grounds
grounds
grounds
importation
importation
importation
importation
importation
importation
importation
importation
importation
importation
importation
importation
importation
importation
importation
ipecair
ipecair
ipecair
ipecair
ipecair
ipecair
ipecair
ipecair
ipecair
ipecair
ipecair
ipecair
ipecair
ipecair
ipecair
referred
referred
referred
referred
referred
referred
referred
referred
referred
referred
referred
referred
referred
referred
referred
subject
subject
subject
subject
subject
subject
subject
subject
subject
subject
subject
subject
subject
subject
subject
support
support
support
support
support
support
support
support
support
support
support
support
support
support
support
surely
surely
surely
surely
surely
surely
surely
surely
surely
surely
surely
surely
surely
surely
surely
tion
tion
tion
tion
tion
tion
tion
tion
tion
tion
tion
tion
tion
tion
tion
wrong
wrong
wrong
wrong
wrong
wrong
wrong
wrong
wrong
wrong
wrong
wrong
wrong
wrong
wrong
advanced
advanced
advanced
advanced
advanced
advanced
advanced
advanced
advanced
advanced
advanced
advanced
advanced
advanced
airlines
airlines
airlines
airlines
airlines
airlines
airlines
airlines
airlines
airlines
airlines
airlines
airlines
airlines
correct
correct
correct
correct
correct
correct
correct
correct
correct
correct
correct
correct
correct
correct
costs
costs
costs
costs
costs
costs
costs
costs
costs
costs
costs
costs
costs
costs
lst
lst
lst
lst
lst
lst
lst
lst
lst
lst
lst
lst
lst
lst
reason
reason
reason
reason
reason
reason
reason
reason
reason
reason
reason
reason
reason
reason
stage
stage
stage
stage
stage
stage
stage
stage
stage
stage
stage
stage
stage
stage
actions
actions
actions
actions
actions
actions
actions
actions
actions
actions
actions
actions
actions
airline
airline
airline
airline
airline
airline
airline
airline
airline
airline
airline
airline
airline
alter
alter
alter
alter
alter
alter
alter
alter
alter
alter
alter
alter
alter
charter
charter
charter
charter
charter
charter
charter
charter
charter
charter
charter
charter
charter
enterprise
enterprise
enterprise
enterprise
enterprise
enterprise
enterprise
enterprise
enterprise
enterprise
enterprise
enterprise
enterprise
housing
housing
housing
housing
housing
housing
housing
housing
housing
housing
housing
housing
housing
informed
informed
informed
informed
informed
informed
informed
informed
informed
informed
informed
informed
informed
leave
leave
leave
leave
leave
leave
leave
leave
leave
leave
leave
leave
leave
mentioned
mentioned
mentioned
mentioned
mentioned
mentioned
mentioned
mentioned
mentioned
mentioned
mentioned
mentioned
mentioned
opinion
opinion
opinion
opinion
opinion
opinion
opinion
opinion
opinion
opinion
opinion
opinion
opinion
paltridge
paltridge
paltridge
paltridge
paltridge
paltridge
paltridge
paltridge
paltridge
paltridge
paltridge
paltridge
paltridge
parliamentary
parliamentary
parliamentary
parliamentary
parliamentary
parliamentary
parliamentary
parliamentary
parliamentary
parliamentary
parliamentary
parliamentary
parliamentary
period
period
period
period
period
period
period
period
period
period
period
period
period
section
section
section
section
section
section
section
section
section
section
section
section
section
accept
accept
accept
accept
accept
accept
accept
accept
accept
accept
accept
accept
amended
amended
amended
amended
amended
amended
amended
amended
amended
amended
amended
amended
amount
amount
amount
amount
amount
amount
amount
amount
amount
amount
amount
amount
claim
claim
claim
claim
claim
claim
claim
claim
claim
claim
claim
claim
convenience
convenience
convenience
convenience
convenience
convenience
convenience
convenience
convenience
convenience
convenience
convenience
doubt
doubt
doubt
doubt
doubt
doubt
doubt
doubt
doubt
doubt
doubt
doubt
executive
executive
executive
executive
executive
executive
executive
executive
executive
executive
executive
executive
ground
ground
ground
ground
ground
ground
ground
ground
ground
ground
ground
ground
hands
hands
hands
hands
hands
hands
hands
hands
hands
hands
hands
hands
happened
happened
happened
happened
happened
happened
happened
happened
happened
happened
happened
happened
litigation
litigation
litigation
litigation
litigation
litigation
litigation
litigation
litigation
litigation
litigation
litigation
mandamus
mandamus
mandamus
mandamus
mandamus
mandamus
mandamus
mandamus
mandamus
mandamus
mandamus
mandamus
party
party
party
party
party
party
party
party
party
party
party
party
proposed
proposed
proposed
proposed
proposed
proposed
proposed
proposed
proposed
proposed
proposed
proposed
reference
reference
reference
reference
reference
reference
reference
reference
reference
reference
reference
reference
regard
regard
regard
regard
regard
regard
regard
regard
regard
regard
regard
regard
respect
respect
respect
respect
respect
respect
respect
respect
respect
respect
respect
respect
television
television
television
television
television
television
television
television
television
television
television
television
written
written
written
written
written
written
written
written
written
written
written
written
advised
advised
advised
advised
advised
advised
advised
advised
advised
advised
advised
affected
affected
affected
affected
affected
affected
affected
affected
affected
affected
affected
agree
agree
agree
agree
agree
agree
agree
agree
agree
agree
agree
agreement
agreement
agreement
agreement
agreement
agreement
agreement
agreement
agreement
agreement
agreement
applied
applied
applied
applied
applied
applied
applied
applied
applied
applied
applied
cabinet
cabinet
cabinet
cabinet
cabinet
cabinet
cabinet
cabinet
cabinet
cabinet
cabinet
cable
cable
cable
cable
cable
cable
cable
cable
cable
cable
cable
community
community
community
community
community
community
community
community
community
community
community
control
control
control
control
control
control
control
control
control
control
control
copy
copy
copy
copy
copy
copy
copy
copy
copy
copy
copy
dealing
dealing
dealing
dealing
dealing
dealing
dealing
dealing
dealing
dealing
dealing
due
due
due
due
due
due
due
due
due
due
due
expressed
expressed
expressed
expressed
expressed
expressed
expressed
expressed
expressed
expressed
expressed
ment
ment
ment
ment
ment
ment
ment
ment
ment
ment
ment
national
national
national
national
national
national
national
national
national
national
national
paid
paid
paid
paid
paid
paid
paid
paid
paid
paid
paid
person
person
person
person
person
person
person
person
person
person
person
processes
processes
processes
processes
processes
processes
processes
processes
processes
processes
processes
rate
rate
rate
rate
rate
rate
rate
rate
rate
rate
rate
relevant
relevant
relevant
relevant
relevant
relevant
relevant
relevant
relevant
relevant
relevant
representatives
representatives
representatives
representatives
representatives
representatives
representatives
representatives
representatives
representatives
representatives
schedule
schedule
schedule
schedule
schedule
schedule
schedule
schedule
schedule
schedule
schedule
terms
terms
terms
terms
terms
terms
terms
terms
terms
terms
terms
timing
timing
timing
timing
timing
timing
timing
timing
timing
timing
timing
tonight
tonight
tonight
tonight
tonight
tonight
tonight
tonight
tonight
tonight
tonight
trade
trade
trade
trade
trade
trade
trade
trade
trade
trade
trade
vote
vote
vote
vote
vote
vote
vote
vote
vote
vote
vote
yesterday
yesterday
yesterday
yesterday
yesterday
yesterday
yesterday
yesterday
yesterday
yesterday
yesterday
address
address
address
address
address
address
address
address
address
address
addressed
addressed
addressed
addressed
addressed
addressed
addressed
addressed
addressed
addressed
agreed
agreed
agreed
agreed
agreed
agreed
agreed
agreed
agreed
agreed
allowed
allowed
allowed
allowed
allowed
allowed
allowed
allowed
allowed
allowed
amend
amend
amend
amend
amend
amend
amend
amend
amend
amend
attention
attention
attention
attention
attention
attention
attention
attention
attention
attention
attitude
attitude
attitude
attitude
attitude
attitude
attitude
attitude
attitude
attitude
aware
aware
aware
aware
aware
aware
aware
aware
aware
aware
constitution
constitution
constitution
constitution
constitution
constitution
constitution
constitution
constitution
constitution
day
day
day
day
day
day
day
day
day
day
established
established
established
established
established
established
established
established
established
established
express
express
express
express
express
express
express
express
express
express
home
home
home
home
home
home
home
home
home
home
importance
importance
importance
importance
importance
importance
importance
importance
importance
importance
means
means
means
means
means
means
means
means
means
means
notice
notice
notice
notice
notice
notice
notice
notice
notice
notice
operation
operation
operation
operation
operation
operation
operation
operation
operation
operation
principles
principles
principles
principles
principles
principles
principles
principles
principles
principles
proceedings
proceedings
proceedings
proceedings
proceedings
proceedings
proceedings
proceedings
proceedings
proceedings
proposition
proposition
proposition
proposition
proposition
proposition
proposition
proposition
proposition
proposition
record
record
record
record
record
record
record
record
record
record
refuse
refuse
refuse
refuse
refuse
refuse
refuse
refuse
refuse
refuse
set
set
set
set
set
set
set
set
set
set
situation
situation
situation
situation
situation
situation
situation
situation
situation
situation
speed
speed
speed
speed
speed
speed
speed
speed
speed
speed
suffered
suffered
suffered
suffered
suffered
suffered
suffered
suffered
suffered
suffered
suggest
suggest
suggest
suggest
suggest
suggest
suggest
suggest
suggest
suggest
suggested
suggested
suggested
suggested
suggested
suggested
suggested
suggested
suggested
suggested
type
type
type
type
type
type
type
type
type
type
abuse
abuse
abuse
abuse
abuse
abuse
abuse
abuse
abuse
citizen
citizen
citizen
citizen
citizen
citizen
citizen
citizen
citizen
copies
copies
copies
copies
copies
copies
copies
copies
copies
dealt
dealt
dealt
dealt
dealt
dealt
dealt
dealt
dealt
decide
decide
decide
decide
decide
decide
decide
decide
decide
decided
decided
decided
decided
decided
decided
decided
decided
decided
delay
delay
delay
delay
delay
delay
delay
delay
delay
draftsman
draftsman
draftsman
draftsman
draftsman
draftsman
draftsman
draftsman
draftsman
earlier
earlier
earlier
earlier
earlier
earlier
earlier
earlier
earlier
excise
excise
excise
excise
excise
excise
excise
excise
excise
head
head
head
head
head
head
head
head
head
holmes
holmes
holmes
holmes
holmes
holmes
holmes
holmes
holmes
instructions
instructions
instructions
instructions
instructions
instructions
instructions
instructions
instructions
intention
intention
intention
intention
intention
intention
intention
intention
intention
kerosene
kerosene
kerosene
kerosene
kerosene
kerosene
kerosene
kerosene
kerosene
meet
meet
meet
meet
meet
meet
meet
meet
meet
million
million
million
million
million
million
million
million
million
october
october
october
october
october
october
october
october
october
office
office
office
office
office
office
office
office
office
operate
operate
operate
operate
operate
operate
operate
operate
operate
passengers
passengers
passengers
passengers
passengers
passengers
passengers
passengers
passengers
permit
permit
permit
permit
permit
permit
permit
permit
permit
proper
proper
proper
proper
proper
proper
proper
proper
proper
received
received
received
received
received
received
received
received
received
refusal
refusal
refusal
refusal
refusal
refusal
refusal
refusal
refusal
representing
representing
representing
representing
representing
representing
representing
representing
representing
request
request
request
request
request
request
request
request
request
servant
servant
servant
servant
servant
servant
servant
servant
servant
shown
shown
shown
shown
shown
shown
shown
shown
shown
statutory
statutory
statutory
statutory
statutory
statutory
statutory
statutory
statutory
taking
taking
taking
taking
taking
taking
taking
taking
taking
week
week
week
week
week
week
week
week
week
weeks
weeks
weeks
weeks
weeks
weeks
weeks
weeks
weeks
wishes
wishes
wishes
wishes
wishes
wishes
wishes
wishes
wishes
advice
advice
advice
advice
advice
advice
advice
advice
aspect
aspect
aspect
aspect
aspect
aspect
aspect
aspect
attempt
attempt
attempt
attempt
attempt
attempt
attempt
attempt
believed
believed
believed
believed
believed
believed
believed
believed
changed
changed
changed
changed
changed
changed
changed
changed
coming
coming
coming
coming
coming
coming
coming
coming
companies
companies
companies
companies
companies
companies
companies
companies
decisions
decisions
decisions
decisions
decisions
decisions
decisions
decisions
desire
desire
desire
desire
desire
desire
desire
desire
discussion
discussion
discussion
discussion
discussion
discussion
discussion
discussion
document
document
document
document
document
document
document
document
effective
effective
effective
effective
effective
effective
effective
effective
examined
examined
examined
examined
examined
examined
examined
examined
forward
forward
forward
forward
forward
forward
forward
forward
fundamental
fundamental
fundamental
fundamental
fundamental
fundamental
fundamental
fundamental
gazette
gazette
gazette
gazette
gazette
gazette
gazette
gazette
granted
granted
granted
granted
granted
granted
granted
granted
industry
industry
industry
industry
industry
industry
industry
industry
information
information
information
information
information
information
information
information
knowledge
knowledge
knowledge
knowledge
knowledge
knowledge
knowledge
knowledge
letters
letters
letters
letters
letters
letters
letters
letters
litigant
litigant
litigant
litigant
litigant
litigant
litigant
litigant
majority
majority
majority
majority
majority
majority
majority
majority
march
march
march
march
march
march
march
march
normal
normal
normal
normal
normal
normal
normal
normal
passed
passed
passed
passed
passed
passed
passed
passed
pension
pension
pension
pension
pension
pension
pension
pension
postmastergeneral
postmastergeneral
postmastergeneral
postmastergeneral
postmastergeneral
postmastergeneral
postmastergeneral
postmastergeneral
press
press
press
press
press
press
press
press
process
process
process
process
process
process
process
process
properly
properly
properly
properly
properly
properly
properly
properly
provision
provision
provision
provision
provision
provision
provision
provision
purchase
purchase
purchase
purchase
purchase
purchase
purchase
purchase
rule
rule
rule
rule
rule
rule
rule
rule
sense
sense
sense
sense
sense
sense
sense
sense
sort
sort
sort
sort
sort
sort
sort
sort
special
special
special
special
special
special
special
special
submitted
submitted
submitted
submitted
submitted
submitted
submitted
submitted
suit
suit
suit
suit
suit
suit
suit
suit
takes
takes
takes
takes
takes
takes
takes
takes
timber
timber
timber
timber
timber
timber
timber
timber
true
true
true
true
true
true
true
true
account
account
account
account
account
account
account
acting
acting
acting
acting
acting
acting
acting
ago
ago
ago
ago
ago
ago
ago
amending
amending
amending
amending
amending
amending
amending
approach
approach
approach
approach
approach
approach
approach
behalf
behalf
behalf
behalf
behalf
behalf
behalf
building
building
building
building
building
building
building
buy
buy
buy
buy
buy
buy
buy
cargo
cargo
cargo
cargo
cargo
cargo
cargo
conclusion
conclusion
conclusion
conclusion
conclusion
conclusion
conclusion
condemned
condemned
condemned
condemned
condemned
condemned
condemned
cormack
cormack
cormack
cormack
cormack
cormack
cormack
designed
designed
designed
designed
designed
designed
designed
direct
direct
direct
direct
direct
direct
direct
directly
directly
directly
directly
directly
directly
directly
engaged
engaged
engaged
engaged
engaged
engaged
engaged
entitled
entitled
entitled
entitled
entitled
entitled
entitled
examine
examine
examine
examine
examine
examine
examine
expected
expected
expected
expected
expected
expected
expected
expenses
expenses
expenses
expenses
expenses
expenses
expenses
fair
fair
fair
fair
fair
fair
fair
favour
favour
favour
favour
favour
favour
favour
found
found
found
found
found
found
found
giving
giving
giving
giving
giving
giving
giving
haste
haste
haste
haste
haste
haste
haste
held
held
held
held
held
held
held
interference
interference
interference
interference
interference
interference
interference
move
move
move
move
move
move
move
officer
officer
officer
officer
officer
officer
officer
opportunity
opportunity
opportunity
opportunity
opportunity
opportunity
opportunity
overseas
overseas
overseas
overseas
overseas
overseas
overseas
pensioner
pensioner
pensioner
pensioner
pensioner
pensioner
pensioner
persons
persons
persons
persons
persons
persons
persons
proceed
proceed
proceed
proceed
proceed
proceed
proceed
promulgated
promulgated
promulgated
promulgated
promulgated
promulgated
promulgated
provided
provided
provided
provided
provided
provided
provided
purposes
purposes
purposes
purposes
purposes
purposes
purposes
raised
raised
raised
raised
raised
raised
raised
required
required
required
required
required
required
required
services
services
services
services
services
services
services
solicitors
solicitors
solicitors
solicitors
solicitors
solicitors
solicitors
sought
sought
sought
sought
sought
sought
sought
speakers
speakers
speakers
speakers
speakers
speakers
speakers
speech
speech
speech
speech
speech
speech
speech
suggestion
suggestion
suggestion
suggestion
suggestion
suggestion
suggestion
system
system
system
system
system
system
system
tasmania
tasmania
tasmania
tasmania
tasmania
tasmania
tasmania
telegram
telegram
telegram
telegram
telegram
telegram
telegram
trader
trader
trader
trader
trader
trader
trader
views
views
views
views
views
views
views
willesee
willesee
willesee
willesee
willesee
willesee
willesee
accepted
accepted
accepted
accepted
accepted
accepted
administration
administration
administration
administration
administration
administration
apparently
apparently
apparently
apparently
apparently
apparently
appears
appears
appears
appears
appears
appears
assistance
assistance
assistance
assistance
assistance
assistance
based
based
based
based
based
based
believes
believes
believes
believes
believes
believes
carry
carry
carry
carry
carry
carry
carrying
carrying
carrying
carrying
carrying
carrying
cavanagh
cavanagh
cavanagh
cavanagh
cavanagh
cavanagh
common
common
common
common
common
common
complete
complete
complete
complete
complete
complete
cost
cost
cost
cost
cost
cost
courts
courts
courts
courts
courts
courts
credit
credit
credit
credit
credit
credit
crown
crown
crown
crown
crown
crown
dated
dated
dated
dated
dated
dated
defence
defence
defence
defence
defence
defence
delivered
delivered
delivered
delivered
delivered
delivered
enable
enable
enable
enable
enable
enable
field
field
field
field
field
field
fit
fit
fit
fit
fit
fit
formal
formal
formal
formal
formal
formal
future
future
future
future
future
future
gair
gair
gair
gair
gair
gair
grave
grave
grave
grave
grave
grave
hear
hear
hear
hear
hear
hear
hold
hold
hold
hold
hold
hold
hoped
hoped
hoped
hoped
hoped
hoped
idea
idea
idea
idea
idea
idea
immediately
immediately
immediately
immediately
immediately
immediately
increase
increase
increase
increase
increase
increase
kennelly
kennelly
kennelly
kennelly
kennelly
kennelly
land
land
land
land
land
land
level
level
level
level
level
level
melbourne
melbourne
melbourne
melbourne
melbourne
melbourne
minority
minority
minority
minority
minority
minority
monopoly
monopoly
monopoly
monopoly
monopoly
monopoly
month
month
month
month
month
month
moved
moved
moved
moved
moved
moved
obtain
obtain
obtain
obtain
obtain
obtain
obyrne
obyrne
obyrne
obyrne
obyrne
obyrne
occasion
occasion
occasion
occasion
occasion
occasion
officers
officers
officers
officers
officers
officers
operators
operators
operators
operators
operators
operators
ordinary
ordinary
ordinary
ordinary
ordinary
ordinary
parties
parties
parties
parties
parties
parties
passenger
passenger
passenger
passenger
passenger
passenger
payment
payment
payment
payment
payment
payment
play
play
play
play
play
play
prepare
prepare
prepare
prepare
prepare
prepare
provide
provide
provide
provide
provide
provide
real
real
real
real
real
real
reexamine
reexamine
reexamine
reexamine
reexamine
reexamine
result
result
result
result
result
result
rules
rules
rules
rules
rules
rules
seek
seek
seek
seek
seek
seek
similar
similar
similar
similar
similar
similar
sitting
sitting
sitting
sitting
sitting
sitting
supporters
supporters
supporters
supporters
supporters
supporters
talking
talking
talking
talking
talking
talking
transport
transport
transport
transport
transport
transport
universities
universities
universities
universities
universities
universities
vested
vested
vested
vested
vested
vested
